
10kV_10mm_3_u
[(0.0, 0.0), (8.0, 0.05859375), (16.0, 0.14453125), (24.0, 0.181640625), (32.0, 0.203125), (40.0, 0.2265625), (48.0, 0.244140625), (56.0, 0.26171875), (64.0, 0.28125), (72.0, 0.296875), (80.0, 0.314453125), (88.0, 0.3359375), (96.0, 0.35546875), (104.0, 0.3671875), (112.0, 0.390625), (120.0, 0.4140625), (128.0, 0.4296875), (136.0, 0.451171875), (144.0, 0.470703125), (152.0, 0.48828125), (160.0, 0.513671875), (168.0, 0.52734375), (176.0, 0.541015625), (184.0, 0.57421875), (192.0, 0.59765625), (200.0, 0.623046875), (208.0, 0.64453125), (216.0, 0.669921875), (224.0, 0.7109375), (232.0, 0.740234375), (240.0, 0.78125), (248.0, 0.84765625), (256.0, 0.85546875)]
ROI: 13 - 152


10kV_12mm_3_u
[(0.0, 0.01171875), (8.0, 0.0625), (16.0, 0.099609375), (24.0, 0.126953125), (32.0, 0.16015625), (40.0, 0.171875), (48.0, 0.189453125), (56.0, 0.203125), (64.0, 0.2265625), (72.0, 0.23828125), (80.0, 0.25390625), (88.0, 0.267578125), (96.0, 0.29296875), (104.0, 0.30859375), (112.0, 0.32421875), (120.0, 0.341796875), (128.0, 0.357421875), (136.0, 0.3828125), (144.0, 0.40625), (152.0, 0.423828125), (160.0, 0.44140625), (168.0, 0.46484375), (176.0, 0.482421875), (184.0, 0.513671875), (192.0, 0.5390625), (200.0, 0.5703125), (208.0, 0.59765625), (216.0, 0.62109375), (224.0, 0.654296875), (232.0, 0.6953125), (240.0, 0.734375), (248.0, 0.8046875), (256.0, 0.837890625)]
ROI: 13 - 116


10kV_14mm_3_u
[(0.0, -0.001953125), (8.0, 0.033203125), (16.0, 0.060546875), (24.0, 0.099609375), (32.0, 0.115234375), (40.0, 0.134765625), (48.0, 0.1484375), (56.0, 0.16015625), (64.0, 0.181640625), (72.0, 0.189453125), (80.0, 0.208984375), (88.0, 0.224609375), (96.0, 0.2421875), (104.0, 0.2578125), (112.0, 0.26953125), (120.0, 0.296875), (128.0, 0.306640625), (136.0, 0.328125), (144.0, 0.345703125), (152.0, 0.37109375), (160.0, 0.38671875), (168.0, 0.40234375), (176.0, 0.4375), (184.0, 0.45703125), (192.0, 0.484375), (200.0, 0.51171875), (208.0, 0.54296875), (216.0, 0.576171875), (224.0, 0.603515625), (232.0, 0.646484375), (240.0, 0.6953125), (248.0, 0.77734375), (256.0, 0.8046875)]
ROI: 10 - 87


10kV_16mm_3_u
[(0.0, -0.001953125), (8.0, 0.001953125), (16.0, 0.025390625), (24.0, 0.0546875), (32.0, 0.087890625), (40.0, 0.103515625), (48.0, 0.1171875), (56.0, 0.130859375), (64.0, 0.138671875), (72.0, 0.150390625), (80.0, 0.166015625), (88.0, 0.181640625), (96.0, 0.19921875), (104.0, 0.216796875), (112.0, 0.236328125), (120.0, 0.244140625), (128.0, 0.265625), (136.0, 0.28515625), (144.0, 0.3046875), (152.0, 0.326171875), (160.0, 0.34765625), (168.0, 0.37890625), (176.0, 0.39453125), (184.0, 0.4140625), (192.0, 0.44921875), (200.0, 0.4765625), (208.0, 0.51171875), (216.0, 0.552734375), (224.0, 0.59375), (232.0, 0.615234375), (240.0, 0.689453125), (248.0, 0.75390625), (256.0, 0.76953125)]
ROI: 6 - 65


10kV_18mm_3_u
[(0.0, -0.001953125), (8.0, 0.0), (16.0, 0.017578125), (24.0, 0.025390625), (32.0, 0.0390625), (40.0, 0.072265625), (48.0, 0.083984375), (56.0, 0.09765625), (64.0, 0.107421875), (72.0, 0.12109375), (80.0, 0.130859375), (88.0, 0.14453125), (96.0, 0.16015625), (104.0, 0.169921875), (112.0, 0.189453125), (120.0, 0.212890625), (128.0, 0.22265625), (136.0, 0.244140625), (144.0, 0.2578125), (152.0, 0.275390625), (160.0, 0.3046875), (168.0, 0.3203125), (176.0, 0.34765625), (184.0, 0.3671875), (192.0, 0.392578125), (200.0, 0.43359375), (208.0, 0.455078125), (216.0, 0.490234375), (224.0, 0.51171875), (232.0, 0.578125), (240.0, 0.634765625), (248.0, 0.6796875), (256.0, 0.71875)]
ROI: 4 - 54


10kV_20mm_3_u
[(0.0, 0.0), (8.0, 0.0), (16.0, 0.0), (24.0, 0.01171875), (32.0, 0.02734375), (40.0, 0.05078125), (48.0, 0.064453125), (56.0, 0.08203125), (64.0, 0.08984375), (72.0, 0.107421875), (80.0, 0.1171875), (88.0, 0.12890625), (96.0, 0.138671875), (104.0, 0.16015625), (112.0, 0.171875), (120.0, 0.19921875), (128.0, 0.2109375), (136.0, 0.2265625), (144.0, 0.25), (152.0, 0.26171875), (160.0, 0.294921875), (168.0, 0.310546875), (176.0, 0.34375), (184.0, 0.365234375), (192.0, 0.40625), (200.0, 0.43359375), (208.0, 0.482421875), (216.0, 0.5078125), (224.0, 0.537109375), (232.0, 0.638671875), (240.0, 0.68359375), (248.0, 0.720703125), (256.0, 0.755859375)]
ROI: 4 - 50


15kV_10mm_3_u
[(0.0, 0.0), (8.0, 0.13671875), (16.0, 0.185546875), (24.0, 0.20703125), (32.0, 0.228515625), (40.0, 0.25390625), (48.0, 0.26953125), (56.0, 0.2890625), (64.0, 0.306640625), (72.0, 0.3203125), (80.0, 0.337890625), (88.0, 0.35546875), (96.0, 0.37109375), (104.0, 0.388671875), (112.0, 0.40234375), (120.0, 0.42578125), (128.0, 0.44921875), (136.0, 0.4609375), (144.0, 0.48046875), (152.0, 0.494140625), (160.0, 0.509765625), (168.0, 0.525390625), (176.0, 0.548828125), (184.0, 0.5703125), (192.0, 0.587890625), (200.0, 0.609375), (208.0, 0.634765625), (216.0, 0.654296875), (224.0, 0.6875), (232.0, 0.712890625), (240.0, 0.7578125), (248.0, 0.806640625), (256.0, 0.869140625)]
ROI: 19 - 164


15kV_12mm_3_u
[(0.0, 0.0), (8.0, 0.09765625), (16.0, 0.14453125), (24.0, 0.16796875), (32.0, 0.1796875), (40.0, 0.19921875), (48.0, 0.216796875), (56.0, 0.234375), (64.0, 0.248046875), (72.0, 0.26171875), (80.0, 0.27734375), (88.0, 0.294921875), (96.0, 0.310546875), (104.0, 0.33203125), (112.0, 0.34765625), (120.0, 0.361328125), (128.0, 0.384765625), (136.0, 0.400390625), (144.0, 0.416015625), (152.0, 0.4375), (160.0, 0.455078125), (168.0, 0.482421875), (176.0, 0.501953125), (184.0, 0.5234375), (192.0, 0.55078125), (200.0, 0.5703125), (208.0, 0.587890625), (216.0, 0.619140625), (224.0, 0.642578125), (232.0, 0.6796875), (240.0, 0.74609375), (248.0, 0.796875), (256.0, 0.826171875)]
ROI: 19 - 126


15kV_14mm_3_u
[(0.0, 0.001953125), (8.0, 0.03515625), (16.0, 0.07421875), (24.0, 0.095703125), (32.0, 0.126953125), (40.0, 0.146484375), (48.0, 0.158203125), (56.0, 0.177734375), (64.0, 0.1875), (72.0, 0.205078125), (80.0, 0.21875), (88.0, 0.234375), (96.0, 0.255859375), (104.0, 0.265625), (112.0, 0.283203125), (120.0, 0.302734375), (128.0, 0.31640625), (136.0, 0.33984375), (144.0, 0.353515625), (152.0, 0.376953125), (160.0, 0.396484375), (168.0, 0.41796875), (176.0, 0.43359375), (184.0, 0.46484375), (192.0, 0.482421875), (200.0, 0.51171875), (208.0, 0.54296875), (216.0, 0.5625), (224.0, 0.59765625), (232.0, 0.625), (240.0, 0.712890625), (248.0, 0.75390625), (256.0, 0.76171875)]
ROI: 12 - 94


15kV_16mm_3_u
[(0.0, 0.00390625), (8.0, 0.03515625), (16.0, 0.06640625), (24.0, 0.09375), (32.0, 0.11328125), (40.0, 0.125), (48.0, 0.140625), (56.0, 0.15234375), (64.0, 0.16796875), (72.0, 0.1875), (80.0, 0.201171875), (88.0, 0.216796875), (96.0, 0.232421875), (104.0, 0.251953125), (112.0, 0.2578125), (120.0, 0.28125), (128.0, 0.30078125), (136.0, 0.31640625), (144.0, 0.33984375), (152.0, 0.35546875), (160.0, 0.376953125), (168.0, 0.40234375), (176.0, 0.423828125), (184.0, 0.45703125), (192.0, 0.484375), (200.0, 0.509765625), (208.0, 0.54296875), (216.0, 0.580078125), (224.0, 0.62109375), (232.0, 0.6875), (240.0, 0.728515625), (248.0, 0.736328125), (256.0, 0.740234375)]
ROI: 10 - 72


15kV_18mm_3_u
[(0.0, 0.0), (8.0, 0.021484375), (16.0, 0.03125), (24.0, 0.05859375), (32.0, 0.0859375), (40.0, 0.095703125), (48.0, 0.109375), (56.0, 0.1171875), (64.0, 0.1328125), (72.0, 0.142578125), (80.0, 0.16015625), (88.0, 0.17578125), (96.0, 0.189453125), (104.0, 0.203125), (112.0, 0.224609375), (120.0, 0.2421875), (128.0, 0.2578125), (136.0, 0.267578125), (144.0, 0.283203125), (152.0, 0.3046875), (160.0, 0.32421875), (168.0, 0.3515625), (176.0, 0.3671875), (184.0, 0.3984375), (192.0, 0.423828125), (200.0, 0.443359375), (208.0, 0.4609375), (216.0, 0.494140625), (224.0, 0.53125), (232.0, 0.57421875), (240.0, 0.61328125), (248.0, 0.693359375), (256.0, 0.7265625)]
ROI: 11 - 71


15kV_20mm_3_u
[(0.0, 0.001953125), (8.0, 0.025390625), (16.0, 0.0390625), (24.0, 0.05859375), (32.0, 0.078125), (40.0, 0.08984375), (48.0, 0.103515625), (56.0, 0.119140625), (64.0, 0.12109375), (72.0, 0.13671875), (80.0, 0.154296875), (88.0, 0.158203125), (96.0, 0.181640625), (104.0, 0.1953125), (112.0, 0.212890625), (120.0, 0.234375), (128.0, 0.2421875), (136.0, 0.267578125), (144.0, 0.28515625), (152.0, 0.296875), (160.0, 0.31640625), (168.0, 0.341796875), (176.0, 0.37109375), (184.0, 0.39453125), (192.0, 0.40234375), (200.0, 0.44921875), (208.0, 0.482421875), (216.0, 0.501953125), (224.0, 0.537109375), (232.0, 0.62109375), (240.0, 0.66796875), (248.0, 0.71484375), (256.0, 0.734375)]
ROI: 11 - 67


20kV_10mm_3_u
[(0.0, 0.0), (8.0, 0.06640625), (16.0, 0.1640625), (24.0, 0.197265625), (32.0, 0.21875), (40.0, 0.2421875), (48.0, 0.26171875), (56.0, 0.28515625), (64.0, 0.30078125), (72.0, 0.31640625), (80.0, 0.3359375), (88.0, 0.349609375), (96.0, 0.3671875), (104.0, 0.38671875), (112.0, 0.3984375), (120.0, 0.421875), (128.0, 0.4375), (136.0, 0.453125), (144.0, 0.470703125), (152.0, 0.48828125), (160.0, 0.5), (168.0, 0.5234375), (176.0, 0.54296875), (184.0, 0.5625), (192.0, 0.58203125), (200.0, 0.6015625), (208.0, 0.62890625), (216.0, 0.6484375), (224.0, 0.67578125), (232.0, 0.7109375), (240.0, 0.74609375), (248.0, 0.8046875), (256.0, 0.837890625)]
ROI: 21 - 192


20kV_12mm_3_u
[(0.0, 0.0), (8.0, 0.0546875), (16.0, 0.12890625), (24.0, 0.15625), (32.0, 0.17578125), (40.0, 0.197265625), (48.0, 0.21484375), (56.0, 0.23046875), (64.0, 0.24609375), (72.0, 0.265625), (80.0, 0.28125), (88.0, 0.294921875), (96.0, 0.310546875), (104.0, 0.328125), (112.0, 0.34375), (120.0, 0.359375), (128.0, 0.373046875), (136.0, 0.392578125), (144.0, 0.416015625), (152.0, 0.4296875), (160.0, 0.451171875), (168.0, 0.46875), (176.0, 0.48046875), (184.0, 0.50390625), (192.0, 0.529296875), (200.0, 0.5546875), (208.0, 0.58203125), (216.0, 0.599609375), (224.0, 0.62890625), (232.0, 0.671875), (240.0, 0.70703125), (248.0, 0.78125), (256.0, 0.830078125)]
ROI: 21 - 148


20kV_14mm_3_u
[(0.0, 0.0), (8.0, 0.064453125), (16.0, 0.11328125), (24.0, 0.134765625), (32.0, 0.150390625), (40.0, 0.1640625), (48.0, 0.173828125), (56.0, 0.197265625), (64.0, 0.2109375), (72.0, 0.2265625), (80.0, 0.240234375), (88.0, 0.2578125), (96.0, 0.2734375), (104.0, 0.2890625), (112.0, 0.302734375), (120.0, 0.31640625), (128.0, 0.33203125), (136.0, 0.349609375), (144.0, 0.373046875), (152.0, 0.390625), (160.0, 0.41015625), (168.0, 0.4296875), (176.0, 0.443359375), (184.0, 0.466796875), (192.0, 0.498046875), (200.0, 0.5234375), (208.0, 0.546875), (216.0, 0.578125), (224.0, 0.609375), (232.0, 0.65625), (240.0, 0.71484375), (248.0, 0.748046875), (256.0, 0.76171875)]
ROI: 19 - 111


20kV_16mm_3_u
[(0.0, 0.0), (8.0, 0.03125), (16.0, 0.052734375), (24.0, 0.08984375), (32.0, 0.111328125), (40.0, 0.125), (48.0, 0.140625), (56.0, 0.158203125), (64.0, 0.171875), (72.0, 0.18359375), (80.0, 0.201171875), (88.0, 0.216796875), (96.0, 0.234375), (104.0, 0.248046875), (112.0, 0.26171875), (120.0, 0.283203125), (128.0, 0.30078125), (136.0, 0.31640625), (144.0, 0.32421875), (152.0, 0.359375), (160.0, 0.375), (168.0, 0.39453125), (176.0, 0.419921875), (184.0, 0.4453125), (192.0, 0.462890625), (200.0, 0.486328125), (208.0, 0.5234375), (216.0, 0.56640625), (224.0, 0.59375), (232.0, 0.63671875), (240.0, 0.69140625), (248.0, 0.75390625), (256.0, 0.771484375)]
ROI: 13 - 85


20kV_18mm_3_u
[(0.0, 0.015625), (8.0, 0.04296875), (16.0, 0.056640625), (24.0, 0.083984375), (32.0, 0.107421875), (40.0, 0.11328125), (48.0, 0.12890625), (56.0, 0.14453125), (64.0, 0.15234375), (72.0, 0.16796875), (80.0, 0.185546875), (88.0, 0.19921875), (96.0, 0.21484375), (104.0, 0.232421875), (112.0, 0.23828125), (120.0, 0.2578125), (128.0, 0.279296875), (136.0, 0.2890625), (144.0, 0.31640625), (152.0, 0.326171875), (160.0, 0.34765625), (168.0, 0.375), (176.0, 0.384765625), (184.0, 0.4140625), (192.0, 0.4453125), (200.0, 0.455078125), (208.0, 0.498046875), (216.0, 0.54296875), (224.0, 0.55859375), (232.0, 0.6015625), (240.0, 0.673828125), (248.0, 0.6953125), (256.0, 0.72265625)]
ROI: 11 - 64


20kV_20mm_3_u
[(0.0, 0.0), (8.0, 0.02734375), (16.0, 0.056640625), (24.0, 0.068359375), (32.0, 0.09375), (40.0, 0.1015625), (48.0, 0.115234375), (56.0, 0.125), (64.0, 0.140625), (72.0, 0.146484375), (80.0, 0.169921875), (88.0, 0.1796875), (96.0, 0.19921875), (104.0, 0.20703125), (112.0, 0.224609375), (120.0, 0.234375), (128.0, 0.265625), (136.0, 0.2734375), (144.0, 0.3046875), (152.0, 0.310546875), (160.0, 0.33984375), (168.0, 0.3515625), (176.0, 0.3828125), (184.0, 0.40234375), (192.0, 0.4296875), (200.0, 0.44140625), (208.0, 0.4921875), (216.0, 0.521484375), (224.0, 0.564453125), (232.0, 0.6171875), (240.0, 0.6640625), (248.0, 0.69921875), (256.0, 0.73046875)]
ROI: 11 - 58


25kV_10mm_3_u
[(0.0, 0.001953125), (8.0, 0.06640625), (16.0, 0.162109375), (24.0, 0.193359375), (32.0, 0.21875), (40.0, 0.244140625), (48.0, 0.26171875), (56.0, 0.28125), (64.0, 0.302734375), (72.0, 0.31640625), (80.0, 0.3359375), (88.0, 0.35546875), (96.0, 0.369140625), (104.0, 0.38671875), (112.0, 0.404296875), (120.0, 0.41796875), (128.0, 0.43359375), (136.0, 0.44921875), (144.0, 0.4609375), (152.0, 0.48046875), (160.0, 0.49609375), (168.0, 0.515625), (176.0, 0.53125), (184.0, 0.5546875), (192.0, 0.57421875), (200.0, 0.58984375), (208.0, 0.6171875), (216.0, 0.64453125), (224.0, 0.6640625), (232.0, 0.6953125), (240.0, 0.73828125), (248.0, 0.8046875), (256.0, 0.84765625)]
ROI: 25 - 207


25kV_12mm_3_u
[(0.0, 0.001953125), (8.0, 0.07421875), (16.0, 0.1328125), (24.0, 0.16015625), (32.0, 0.17578125), (40.0, 0.1953125), (48.0, 0.21484375), (56.0, 0.228515625), (64.0, 0.248046875), (72.0, 0.265625), (80.0, 0.28125), (88.0, 0.294921875), (96.0, 0.30859375), (104.0, 0.32421875), (112.0, 0.341796875), (120.0, 0.357421875), (128.0, 0.375), (136.0, 0.390625), (144.0, 0.40234375), (152.0, 0.42578125), (160.0, 0.439453125), (168.0, 0.458984375), (176.0, 0.482421875), (184.0, 0.501953125), (192.0, 0.51953125), (200.0, 0.5390625), (208.0, 0.568359375), (216.0, 0.591796875), (224.0, 0.615234375), (232.0, 0.654296875), (240.0, 0.68359375), (248.0, 0.748046875), (256.0, 0.794921875)]
ROI: 25 - 158


25kV_14mm_3_u
[(0.0, 0.001953125), (8.0, 0.052734375), (16.0, 0.09765625), (24.0, 0.119140625), (32.0, 0.140625), (40.0, 0.15625), (48.0, 0.177734375), (56.0, 0.193359375), (64.0, 0.20703125), (72.0, 0.21875), (80.0, 0.236328125), (88.0, 0.251953125), (96.0, 0.263671875), (104.0, 0.28125), (112.0, 0.30078125), (120.0, 0.3125), (128.0, 0.326171875), (136.0, 0.34375), (144.0, 0.361328125), (152.0, 0.376953125), (160.0, 0.3984375), (168.0, 0.412109375), (176.0, 0.431640625), (184.0, 0.45703125), (192.0, 0.478515625), (200.0, 0.50390625), (208.0, 0.53515625), (216.0, 0.5546875), (224.0, 0.58203125), (232.0, 0.61328125), (240.0, 0.662109375), (248.0, 0.72265625), (256.0, 0.75390625)]
ROI: 20 - 119


25kV_16mm_3_u
[(0.0, 0.0), (8.0, 0.03125), (16.0, 0.056640625), (24.0, 0.09765625), (32.0, 0.107421875), (40.0, 0.12890625), (48.0, 0.138671875), (56.0, 0.15625), (64.0, 0.169921875), (72.0, 0.189453125), (80.0, 0.201171875), (88.0, 0.2109375), (96.0, 0.234375), (104.0, 0.24609375), (112.0, 0.265625), (120.0, 0.28125), (128.0, 0.29296875), (136.0, 0.3125), (144.0, 0.330078125), (152.0, 0.34375), (160.0, 0.373046875), (168.0, 0.388671875), (176.0, 0.404296875), (184.0, 0.427734375), (192.0, 0.45703125), (200.0, 0.47265625), (208.0, 0.50390625), (216.0, 0.53515625), (224.0, 0.578125), (232.0, 0.607421875), (240.0, 0.66796875), (248.0, 0.701171875), (256.0, 0.7421875)]
ROI: 16 - 91


25kV_18mm_3_u
[(0.0, 0.0), (8.0, 0.015625), (16.0, 0.029296875), (24.0, 0.060546875), (32.0, 0.080078125), (40.0, 0.103515625), (48.0, 0.119140625), (56.0, 0.125), (64.0, 0.142578125), (72.0, 0.158203125), (80.0, 0.169921875), (88.0, 0.189453125), (96.0, 0.203125), (104.0, 0.22265625), (112.0, 0.23046875), (120.0, 0.251953125), (128.0, 0.263671875), (136.0, 0.2890625), (144.0, 0.3046875), (152.0, 0.326171875), (160.0, 0.34375), (168.0, 0.37109375), (176.0, 0.390625), (184.0, 0.40625), (192.0, 0.435546875), (200.0, 0.458984375), (208.0, 0.484375), (216.0, 0.52734375), (224.0, 0.56640625), (232.0, 0.62890625), (240.0, 0.66796875), (248.0, 0.697265625), (256.0, 0.71484375)]
ROI: 10 - 70


25kV_20mm_3_u
[(0.0, -0.00390625), (8.0, 0.013671875), (16.0, 0.025390625), (24.0, 0.033203125), (32.0, 0.068359375), (40.0, 0.080078125), (48.0, 0.099609375), (56.0, 0.11328125), (64.0, 0.1171875), (72.0, 0.130859375), (80.0, 0.154296875), (88.0, 0.162109375), (96.0, 0.177734375), (104.0, 0.197265625), (112.0, 0.205078125), (120.0, 0.220703125), (128.0, 0.240234375), (136.0, 0.251953125), (144.0, 0.27734375), (152.0, 0.296875), (160.0, 0.3046875), (168.0, 0.33203125), (176.0, 0.357421875), (184.0, 0.3671875), (192.0, 0.3984375), (200.0, 0.412109375), (208.0, 0.4375), (216.0, 0.484375), (224.0, 0.5), (232.0, 0.5390625), (240.0, 0.607421875), (248.0, 0.6328125), (256.0, 0.673828125)]
ROI: 10 - 63


30kV_10mm_3_u
[(0.0, 0.001953125), (8.0, 0.076171875), (16.0, 0.1484375), (24.0, 0.1875), (32.0, 0.2109375), (40.0, 0.234375), (48.0, 0.25390625), (56.0, 0.2734375), (64.0, 0.294921875), (72.0, 0.3125), (80.0, 0.328125), (88.0, 0.34375), (96.0, 0.36328125), (104.0, 0.380859375), (112.0, 0.39453125), (120.0, 0.41015625), (128.0, 0.423828125), (136.0, 0.4375), (144.0, 0.453125), (152.0, 0.474609375), (160.0, 0.48828125), (168.0, 0.505859375), (176.0, 0.51953125), (184.0, 0.54296875), (192.0, 0.5625), (200.0, 0.583984375), (208.0, 0.60546875), (216.0, 0.6328125), (224.0, 0.65625), (232.0, 0.685546875), (240.0, 0.724609375), (248.0, 0.787109375), (256.0, 0.82421875)]
ROI: 26 - 193


30kV_12mm_3_u
[(0.0, 0.001953125), (8.0, 0.037109375), (16.0, 0.099609375), (24.0, 0.13671875), (32.0, 0.16015625), (40.0, 0.181640625), (48.0, 0.203125), (56.0, 0.22265625), (64.0, 0.23828125), (72.0, 0.255859375), (80.0, 0.271484375), (88.0, 0.2890625), (96.0, 0.3046875), (104.0, 0.318359375), (112.0, 0.330078125), (120.0, 0.349609375), (128.0, 0.361328125), (136.0, 0.3828125), (144.0, 0.3984375), (152.0, 0.419921875), (160.0, 0.435546875), (168.0, 0.453125), (176.0, 0.47265625), (184.0, 0.4921875), (192.0, 0.515625), (200.0, 0.541015625), (208.0, 0.5625), (216.0, 0.58984375), (224.0, 0.623046875), (232.0, 0.646484375), (240.0, 0.6953125), (248.0, 0.7578125), (256.0, 0.798828125)]
ROI: 23 - 149


30kV_14mm_3_u
[(0.0, 0.001953125), (8.0, 0.03125), (16.0, 0.07421875), (24.0, 0.111328125), (32.0, 0.126953125), (40.0, 0.1484375), (48.0, 0.16015625), (56.0, 0.181640625), (64.0, 0.197265625), (72.0, 0.21484375), (80.0, 0.228515625), (88.0, 0.24609375), (96.0, 0.26171875), (104.0, 0.27734375), (112.0, 0.291015625), (120.0, 0.306640625), (128.0, 0.3203125), (136.0, 0.337890625), (144.0, 0.361328125), (152.0, 0.37890625), (160.0, 0.396484375), (168.0, 0.416015625), (176.0, 0.439453125), (184.0, 0.462890625), (192.0, 0.486328125), (200.0, 0.51171875), (208.0, 0.537109375), (216.0, 0.556640625), (224.0, 0.591796875), (232.0, 0.6328125), (240.0, 0.6875), (248.0, 0.71484375), (256.0, 0.7421875)]
ROI: 19 - 113


30kV_16mm_3_u
[(0.0, 0.0), (8.0, 0.00390625), (16.0, 0.03515625), (24.0, 0.06640625), (32.0, 0.0859375), (40.0, 0.10546875), (48.0, 0.1328125), (56.0, 0.146484375), (64.0, 0.15625), (72.0, 0.17578125), (80.0, 0.19140625), (88.0, 0.208984375), (96.0, 0.224609375), (104.0, 0.234375), (112.0, 0.25390625), (120.0, 0.265625), (128.0, 0.28515625), (136.0, 0.30078125), (144.0, 0.32421875), (152.0, 0.34375), (160.0, 0.361328125), (168.0, 0.373046875), (176.0, 0.408203125), (184.0, 0.41796875), (192.0, 0.443359375), (200.0, 0.46484375), (208.0, 0.498046875), (216.0, 0.533203125), (224.0, 0.560546875), (232.0, 0.59375), (240.0, 0.673828125), (248.0, 0.689453125), (256.0, 0.708984375)]
ROI: 13 - 85


30kV_18mm_3_u
[(0.0, 0.0078125), (8.0, 0.0234375), (16.0, 0.03515625), (24.0, 0.0625), (32.0, 0.08984375), (40.0, 0.099609375), (48.0, 0.115234375), (56.0, 0.130859375), (64.0, 0.150390625), (72.0, 0.158203125), (80.0, 0.17578125), (88.0, 0.193359375), (96.0, 0.201171875), (104.0, 0.21875), (112.0, 0.240234375), (120.0, 0.2421875), (128.0, 0.26953125), (136.0, 0.28515625), (144.0, 0.3125), (152.0, 0.322265625), (160.0, 0.345703125), (168.0, 0.37109375), (176.0, 0.37890625), (184.0, 0.41015625), (192.0, 0.43359375), (200.0, 0.4453125), (208.0, 0.48828125), (216.0, 0.515625), (224.0, 0.5390625), (232.0, 0.59765625), (240.0, 0.6171875), (248.0, 0.634765625), (256.0, 0.650390625)]
ROI: 11 - 65


30kV_20mm_3_u
[(0.0, -0.001953125), (8.0, 0.0078125), (16.0, 0.01953125), (24.0, 0.033203125), (32.0, 0.046875), (40.0, 0.080078125), (48.0, 0.095703125), (56.0, 0.1015625), (64.0, 0.1171875), (72.0, 0.125), (80.0, 0.1484375), (88.0, 0.169921875), (96.0, 0.177734375), (104.0, 0.19140625), (112.0, 0.21875), (120.0, 0.220703125), (128.0, 0.251953125), (136.0, 0.26171875), (144.0, 0.28515625), (152.0, 0.30859375), (160.0, 0.322265625), (168.0, 0.34375), (176.0, 0.359375), (184.0, 0.38671875), (192.0, 0.416015625), (200.0, 0.4375), (208.0, 0.4765625), (216.0, 0.48828125), (224.0, 0.546875), (232.0, 0.62109375), (240.0, 0.642578125), (248.0, 0.65234375), (256.0, 0.658203125)]
ROI: 9 - 60


5kV_10mm_3_u
[(0.0, 0.03125), (8.0, 0.130859375), (16.0, 0.16015625), (24.0, 0.181640625), (32.0, 0.20703125), (40.0, 0.22265625), (48.0, 0.244140625), (56.0, 0.263671875), (64.0, 0.27734375), (72.0, 0.296875), (80.0, 0.314453125), (88.0, 0.330078125), (96.0, 0.357421875), (104.0, 0.375), (112.0, 0.39453125), (120.0, 0.412109375), (128.0, 0.4375), (136.0, 0.45703125), (144.0, 0.47265625), (152.0, 0.5), (160.0, 0.51953125), (168.0, 0.54296875), (176.0, 0.564453125), (184.0, 0.5859375), (192.0, 0.609375), (200.0, 0.640625), (208.0, 0.66015625), (216.0, 0.689453125), (224.0, 0.728515625), (232.0, 0.765625), (240.0, 0.8046875), (248.0, 0.84765625), (256.0, 0.912109375)]
ROI: 22 - 209


5kV_12mm_3_u
[(0.0, 0.001953125), (8.0, 0.03125), (16.0, 0.09375), (24.0, 0.109375), (32.0, 0.12890625), (40.0, 0.1484375), (48.0, 0.169921875), (56.0, 0.177734375), (64.0, 0.193359375), (72.0, 0.2109375), (80.0, 0.228515625), (88.0, 0.248046875), (96.0, 0.263671875), (104.0, 0.28125), (112.0, 0.296875), (120.0, 0.3203125), (128.0, 0.33984375), (136.0, 0.361328125), (144.0, 0.384765625), (152.0, 0.40625), (160.0, 0.43359375), (168.0, 0.453125), (176.0, 0.4765625), (184.0, 0.501953125), (192.0, 0.53125), (200.0, 0.5625), (208.0, 0.587890625), (216.0, 0.625), (224.0, 0.65625), (232.0, 0.697265625), (240.0, 0.7421875), (248.0, 0.822265625), (256.0, 0.87890625)]
ROI: 25 - 231


5kV_14mm_3_u
[(0.0, 0.00390625), (8.0, 0.046875), (16.0, 0.0703125), (24.0, 0.087890625), (32.0, 0.109375), (40.0, 0.111328125), (48.0, 0.130859375), (56.0, 0.146484375), (64.0, 0.15625), (72.0, 0.16796875), (80.0, 0.185546875), (88.0, 0.205078125), (96.0, 0.216796875), (104.0, 0.232421875), (112.0, 0.25390625), (120.0, 0.271484375), (128.0, 0.2890625), (136.0, 0.310546875), (144.0, 0.32421875), (152.0, 0.34765625), (160.0, 0.375), (168.0, 0.400390625), (176.0, 0.427734375), (184.0, 0.45703125), (192.0, 0.482421875), (200.0, 0.51171875), (208.0, 0.55078125), (216.0, 0.578125), (224.0, 0.623046875), (232.0, 0.654296875), (240.0, 0.720703125), (248.0, 0.80859375), (256.0, 0.865234375)]
ROI: 23 - 171


5kV_16mm_3_u
[(0.0, 0.015625), (8.0, 0.052734375), (16.0, 0.06640625), (24.0, 0.08203125), (32.0, 0.09375), (40.0, 0.1015625), (48.0, 0.115234375), (56.0, 0.126953125), (64.0, 0.134765625), (72.0, 0.1484375), (80.0, 0.1640625), (88.0, 0.17578125), (96.0, 0.1875), (104.0, 0.208984375), (112.0, 0.22265625), (120.0, 0.2421875), (128.0, 0.255859375), (136.0, 0.27734375), (144.0, 0.294921875), (152.0, 0.3125), (160.0, 0.345703125), (168.0, 0.3671875), (176.0, 0.390625), (184.0, 0.423828125), (192.0, 0.44921875), (200.0, 0.478515625), (208.0, 0.5), (216.0, 0.548828125), (224.0, 0.5859375), (232.0, 0.62890625), (240.0, 0.69921875), (248.0, 0.7890625), (256.0, 0.810546875)]
ROI: 22 - 127


5kV_18mm_3_u
[(0.0, 0.00390625), (8.0, 0.0234375), (16.0, 0.033203125), (24.0, 0.05078125), (32.0, 0.060546875), (40.0, 0.07421875), (48.0, 0.0859375), (56.0, 0.09375), (64.0, 0.10546875), (72.0, 0.11328125), (80.0, 0.12890625), (88.0, 0.13671875), (96.0, 0.150390625), (104.0, 0.166015625), (112.0, 0.177734375), (120.0, 0.1953125), (128.0, 0.205078125), (136.0, 0.228515625), (144.0, 0.240234375), (152.0, 0.2734375), (160.0, 0.2890625), (168.0, 0.30859375), (176.0, 0.345703125), (184.0, 0.369140625), (192.0, 0.396484375), (200.0, 0.42578125), (208.0, 0.46484375), (216.0, 0.4921875), (224.0, 0.541015625), (232.0, 0.619140625), (240.0, 0.669921875), (248.0, 0.7734375), (256.0, 0.796875)]
ROI: 13 - 95


5kV_20mm_3_u
[(0.0, -0.001953125), (8.0, 0.009765625), (16.0, 0.0234375), (24.0, 0.03125), (32.0, 0.041015625), (40.0, 0.0546875), (48.0, 0.05859375), (56.0, 0.072265625), (64.0, 0.08203125), (72.0, 0.09375), (80.0, 0.10546875), (88.0, 0.115234375), (96.0, 0.125), (104.0, 0.13671875), (112.0, 0.150390625), (120.0, 0.169921875), (128.0, 0.189453125), (136.0, 0.203125), (144.0, 0.228515625), (152.0, 0.24609375), (160.0, 0.26953125), (168.0, 0.296875), (176.0, 0.318359375), (184.0, 0.3515625), (192.0, 0.38671875), (200.0, 0.41796875), (208.0, 0.466796875), (216.0, 0.51953125), (224.0, 0.568359375), (232.0, 0.62890625), (240.0, 0.724609375), (248.0, 0.7890625), (256.0, 0.8046875)]
ROI: 9 - 72


10kV_10mm_3_u
10kV_10mm_3_u
