5kV_10mm_3_u
[(0.0, 0.458984375), (8.0, 0.470703125), (16.0, 0.4765625), (24.0, 0.478515625), (32.0, 0.484375), (40.0, 0.4921875), (48.0, 0.498046875), (56.0, 0.49609375), (64.0, 0.5078125), (72.0, 0.505859375), (80.0, 0.50390625), (88.0, 0.49609375), (96.0, 0.48046875), (104.0, 0.48046875), (112.0, 0.478515625), (120.0, 0.4765625), (128.0, 0.4609375), (136.0, 0.44921875), (144.0, 0.4453125), (152.0, 0.4375), (160.0, 0.42578125), (168.0, 0.416015625), (176.0, 0.408203125), (184.0, 0.38671875), (192.0, 0.37109375), (200.0, 0.337890625), (208.0, 0.328125), (216.0, 0.306640625), (224.0, 0.265625), (232.0, 0.224609375), (240.0, 0.171875), (248.0, 0.1171875), (256.0, 0.0)]
ROI: 22 - 209


5kV_12mm_3_u
[(0.0, 0.427734375), (8.0, 0.447265625), (16.0, 0.458984375), (24.0, 0.4609375), (32.0, 0.47265625), (40.0, 0.4765625), (48.0, 0.4765625), (56.0, 0.48828125), (64.0, 0.4921875), (72.0, 0.498046875), (80.0, 0.494140625), (88.0, 0.49609375), (96.0, 0.490234375), (104.0, 0.48828125), (112.0, 0.490234375), (120.0, 0.48046875), (128.0, 0.47265625), (136.0, 0.46484375), (144.0, 0.453125), (152.0, 0.4453125), (160.0, 0.431640625), (168.0, 0.42578125), (176.0, 0.4140625), (184.0, 0.40234375), (192.0, 0.3828125), (200.0, 0.361328125), (208.0, 0.337890625), (216.0, 0.3125), (224.0, 0.287109375), (232.0, 0.24609375), (240.0, 0.19921875), (248.0, 0.126953125), (256.0, 0.0)]
ROI: 25 - 231


5kV_14mm_3_u
[(0.0, 0.40625), (8.0, 0.42578125), (16.0, 0.439453125), (24.0, 0.45703125), (32.0, 0.46484375), (40.0, 0.478515625), (48.0, 0.486328125), (56.0, 0.48828125), (64.0, 0.498046875), (72.0, 0.498046875), (80.0, 0.498046875), (88.0, 0.498046875), (96.0, 0.4921875), (104.0, 0.48828125), (112.0, 0.484375), (120.0, 0.48046875), (128.0, 0.47265625), (136.0, 0.466796875), (144.0, 0.458984375), (152.0, 0.451171875), (160.0, 0.43359375), (168.0, 0.42578125), (176.0, 0.4140625), (184.0, 0.3984375), (192.0, 0.380859375), (200.0, 0.361328125), (208.0, 0.333984375), (216.0, 0.31640625), (224.0, 0.279296875), (232.0, 0.240234375), (240.0, 0.18359375), (248.0, 0.125), (256.0, 0.0)]
ROI: 23 - 171


5kV_16mm_3_u
[(0.0, 0.455078125), (8.0, 0.462890625), (16.0, 0.462890625), (24.0, 0.46875), (32.0, 0.4765625), (40.0, 0.482421875), (48.0, 0.486328125), (56.0, 0.4921875), (64.0, 0.49609375), (72.0, 0.49609375), (80.0, 0.5), (88.0, 0.494140625), (96.0, 0.4921875), (104.0, 0.486328125), (112.0, 0.482421875), (120.0, 0.4765625), (128.0, 0.46875), (136.0, 0.462890625), (144.0, 0.45703125), (152.0, 0.447265625), (160.0, 0.4296875), (168.0, 0.421875), (176.0, 0.41015625), (184.0, 0.39453125), (192.0, 0.375), (200.0, 0.35546875), (208.0, 0.33203125), (216.0, 0.30859375), (224.0, 0.27734375), (232.0, 0.240234375), (240.0, 0.173828125), (248.0, 0.12890625), (256.0, 0.0)]
ROI: 22 - 127


5kV_18mm_3_u
[(0.0, 0.45703125), (8.0, 0.458984375), (16.0, 0.466796875), (24.0, 0.47265625), (32.0, 0.478515625), (40.0, 0.482421875), (48.0, 0.48828125), (56.0, 0.48828125), (64.0, 0.49609375), (72.0, 0.498046875), (80.0, 0.494140625), (88.0, 0.4921875), (96.0, 0.490234375), (104.0, 0.48828125), (112.0, 0.48828125), (120.0, 0.48046875), (128.0, 0.482421875), (136.0, 0.470703125), (144.0, 0.4609375), (152.0, 0.44921875), (160.0, 0.44140625), (168.0, 0.43359375), (176.0, 0.412109375), (184.0, 0.3984375), (192.0, 0.390625), (200.0, 0.359375), (208.0, 0.341796875), (216.0, 0.31640625), (224.0, 0.2890625), (232.0, 0.234375), (240.0, 0.177734375), (248.0, 0.126953125), (256.0, 0.0)]
ROI: 13 - 95


5kV_20mm_3_u
[(0.0, 0.45703125), (8.0, 0.46484375), (16.0, 0.470703125), (24.0, 0.4765625), (32.0, 0.474609375), (40.0, 0.486328125), (48.0, 0.486328125), (56.0, 0.4921875), (64.0, 0.5), (72.0, 0.49609375), (80.0, 0.49609375), (88.0, 0.4921875), (96.0, 0.4921875), (104.0, 0.49609375), (112.0, 0.4921875), (120.0, 0.482421875), (128.0, 0.474609375), (136.0, 0.46875), (144.0, 0.4609375), (152.0, 0.44921875), (160.0, 0.439453125), (168.0, 0.42578125), (176.0, 0.412109375), (184.0, 0.3984375), (192.0, 0.37109375), (200.0, 0.35546875), (208.0, 0.322265625), (216.0, 0.283203125), (224.0, 0.2421875), (232.0, 0.19140625), (240.0, 0.15625), (248.0, 0.083984375), (256.0, 0.0)]
ROI: 9 - 73


10kV_10mm_3_u
[(0.0, 0.482421875), (8.0, 0.486328125), (16.0, 0.486328125), (24.0, 0.490234375), (32.0, 0.4921875), (40.0, 0.498046875), (48.0, 0.501953125), (56.0, 0.50390625), (64.0, 0.50390625), (72.0, 0.505859375), (80.0, 0.50390625), (88.0, 0.49609375), (96.0, 0.494140625), (104.0, 0.482421875), (112.0, 0.478515625), (120.0, 0.462890625), (128.0, 0.455078125), (136.0, 0.451171875), (144.0, 0.4375), (152.0, 0.4296875), (160.0, 0.419921875), (168.0, 0.408203125), (176.0, 0.390625), (184.0, 0.36328125), (192.0, 0.33984375), (200.0, 0.32421875), (208.0, 0.302734375), (216.0, 0.2734375), (224.0, 0.234375), (232.0, 0.201171875), (240.0, 0.15625), (248.0, 0.1015625), (256.0, 0.0)]
ROI: 13 - 152


10kV_12mm_3_u
[(0.0, 0.48828125), (8.0, 0.4921875), (16.0, 0.48828125), (24.0, 0.490234375), (32.0, 0.48828125), (40.0, 0.48828125), (48.0, 0.49609375), (56.0, 0.494140625), (64.0, 0.494140625), (72.0, 0.494140625), (80.0, 0.4921875), (88.0, 0.4921875), (96.0, 0.484375), (104.0, 0.484375), (112.0, 0.4765625), (120.0, 0.466796875), (128.0, 0.462890625), (136.0, 0.453125), (144.0, 0.44140625), (152.0, 0.431640625), (160.0, 0.423828125), (168.0, 0.41015625), (176.0, 0.39453125), (184.0, 0.3671875), (192.0, 0.345703125), (200.0, 0.322265625), (208.0, 0.30078125), (216.0, 0.28125), (224.0, 0.232421875), (232.0, 0.203125), (240.0, 0.16015625), (248.0, 0.123046875), (256.0, 0.0)]
ROI: 13 - 116


10kV_14mm_3_u
[(0.0, 0.486328125), (8.0, 0.486328125), (16.0, 0.490234375), (24.0, 0.494140625), (32.0, 0.494140625), (40.0, 0.494140625), (48.0, 0.494140625), (56.0, 0.498046875), (64.0, 0.498046875), (72.0, 0.498046875), (80.0, 0.494140625), (88.0, 0.48828125), (96.0, 0.484375), (104.0, 0.478515625), (112.0, 0.47265625), (120.0, 0.46484375), (128.0, 0.455078125), (136.0, 0.453125), (144.0, 0.4375), (152.0, 0.427734375), (160.0, 0.419921875), (168.0, 0.40234375), (176.0, 0.384765625), (184.0, 0.36328125), (192.0, 0.349609375), (200.0, 0.330078125), (208.0, 0.296875), (216.0, 0.275390625), (224.0, 0.23828125), (232.0, 0.203125), (240.0, 0.15625), (248.0, 0.126953125), (256.0, 0.0)]
ROI: 10 - 87


10kV_16mm_3_u
[(0.0, 0.4921875), (8.0, 0.4921875), (16.0, 0.490234375), (24.0, 0.4921875), (32.0, 0.490234375), (40.0, 0.494140625), (48.0, 0.494140625), (56.0, 0.494140625), (64.0, 0.49609375), (72.0, 0.49609375), (80.0, 0.49609375), (88.0, 0.490234375), (96.0, 0.484375), (104.0, 0.478515625), (112.0, 0.47265625), (120.0, 0.46875), (128.0, 0.45703125), (136.0, 0.447265625), (144.0, 0.4375), (152.0, 0.421875), (160.0, 0.41796875), (168.0, 0.3984375), (176.0, 0.3828125), (184.0, 0.365234375), (192.0, 0.3359375), (200.0, 0.322265625), (208.0, 0.30078125), (216.0, 0.265625), (224.0, 0.2265625), (232.0, 0.1875), (240.0, 0.13671875), (248.0, 0.099609375), (256.0, 0.0)]
ROI: 6 - 65


10kV_18mm_3_u
[(0.0, 0.515625), (8.0, 0.513671875), (16.0, 0.51171875), (24.0, 0.51171875), (32.0, 0.51171875), (40.0, 0.509765625), (48.0, 0.51171875), (56.0, 0.5078125), (64.0, 0.51171875), (72.0, 0.50390625), (80.0, 0.50390625), (88.0, 0.498046875), (96.0, 0.49609375), (104.0, 0.484375), (112.0, 0.484375), (120.0, 0.46875), (128.0, 0.462890625), (136.0, 0.45703125), (144.0, 0.44921875), (152.0, 0.4453125), (160.0, 0.427734375), (168.0, 0.41796875), (176.0, 0.390625), (184.0, 0.37109375), (192.0, 0.353515625), (200.0, 0.33203125), (208.0, 0.31640625), (216.0, 0.2890625), (224.0, 0.25), (232.0, 0.208984375), (240.0, 0.173828125), (248.0, 0.13671875), (256.0, 0.0)]
ROI: 4 - 55


10kV_20mm_3_u
[(0.0, 0.501953125), (8.0, 0.501953125), (16.0, 0.501953125), (24.0, 0.5), (32.0, 0.5), (40.0, 0.49609375), (48.0, 0.5), (56.0, 0.498046875), (64.0, 0.49609375), (72.0, 0.5), (80.0, 0.49609375), (88.0, 0.498046875), (96.0, 0.4921875), (104.0, 0.486328125), (112.0, 0.48046875), (120.0, 0.46484375), (128.0, 0.4609375), (136.0, 0.4453125), (144.0, 0.439453125), (152.0, 0.423828125), (160.0, 0.41796875), (168.0, 0.392578125), (176.0, 0.37890625), (184.0, 0.36328125), (192.0, 0.33203125), (200.0, 0.3125), (208.0, 0.271484375), (216.0, 0.248046875), (224.0, 0.171875), (232.0, 0.140625), (240.0, 0.091796875), (248.0, 0.044921875), (256.0, 0.0)]
ROI: 4 - 50


15kV_10mm_3_u
[(0.0, 0.47265625), (8.0, 0.478515625), (16.0, 0.48046875), (24.0, 0.48046875), (32.0, 0.482421875), (40.0, 0.484375), (48.0, 0.490234375), (56.0, 0.486328125), (64.0, 0.490234375), (72.0, 0.494140625), (80.0, 0.4921875), (88.0, 0.486328125), (96.0, 0.482421875), (104.0, 0.474609375), (112.0, 0.466796875), (120.0, 0.4609375), (128.0, 0.451171875), (136.0, 0.443359375), (144.0, 0.43359375), (152.0, 0.42578125), (160.0, 0.416015625), (168.0, 0.40234375), (176.0, 0.380859375), (184.0, 0.365234375), (192.0, 0.34375), (200.0, 0.31640625), (208.0, 0.298828125), (216.0, 0.271484375), (224.0, 0.240234375), (232.0, 0.197265625), (240.0, 0.15234375), (248.0, 0.103515625), (256.0, 0.0)]
ROI: 19 - 164


15kV_12mm_3_u
[(0.0, 0.47265625), (8.0, 0.4765625), (16.0, 0.482421875), (24.0, 0.486328125), (32.0, 0.4921875), (40.0, 0.49609375), (48.0, 0.494140625), (56.0, 0.498046875), (64.0, 0.4921875), (72.0, 0.49609375), (80.0, 0.4921875), (88.0, 0.48828125), (96.0, 0.48046875), (104.0, 0.47265625), (112.0, 0.4609375), (120.0, 0.45703125), (128.0, 0.4453125), (136.0, 0.4375), (144.0, 0.4296875), (152.0, 0.416015625), (160.0, 0.404296875), (168.0, 0.384765625), (176.0, 0.36328125), (184.0, 0.345703125), (192.0, 0.322265625), (200.0, 0.3046875), (208.0, 0.291015625), (216.0, 0.2578125), (224.0, 0.23046875), (232.0, 0.19140625), (240.0, 0.146484375), (248.0, 0.087890625), (256.0, 0.0)]
ROI: 19 - 126


15kV_14mm_3_u
[(0.0, 0.486328125), (8.0, 0.490234375), (16.0, 0.48828125), (24.0, 0.494140625), (32.0, 0.49609375), (40.0, 0.494140625), (48.0, 0.5), (56.0, 0.49609375), (64.0, 0.498046875), (72.0, 0.5), (80.0, 0.494140625), (88.0, 0.490234375), (96.0, 0.48046875), (104.0, 0.478515625), (112.0, 0.47265625), (120.0, 0.458984375), (128.0, 0.455078125), (136.0, 0.44140625), (144.0, 0.435546875), (152.0, 0.41796875), (160.0, 0.41015625), (168.0, 0.390625), (176.0, 0.3671875), (184.0, 0.353515625), (192.0, 0.33203125), (200.0, 0.31640625), (208.0, 0.2890625), (216.0, 0.26953125), (224.0, 0.23046875), (232.0, 0.17578125), (240.0, 0.1328125), (248.0, 0.05859375), (256.0, 0.0)]
ROI: 12 - 94


15kV_16mm_3_u
[(0.0, 0.4453125), (8.0, 0.46484375), (16.0, 0.48046875), (24.0, 0.48828125), (32.0, 0.49609375), (40.0, 0.498046875), (48.0, 0.501953125), (56.0, 0.498046875), (64.0, 0.50390625), (72.0, 0.5), (80.0, 0.490234375), (88.0, 0.486328125), (96.0, 0.4765625), (104.0, 0.47265625), (112.0, 0.466796875), (120.0, 0.455078125), (128.0, 0.4453125), (136.0, 0.43359375), (144.0, 0.41796875), (152.0, 0.408203125), (160.0, 0.390625), (168.0, 0.37109375), (176.0, 0.35546875), (184.0, 0.330078125), (192.0, 0.3046875), (200.0, 0.28515625), (208.0, 0.263671875), (216.0, 0.228515625), (224.0, 0.189453125), (232.0, 0.1484375), (240.0, 0.1171875), (248.0, 0.056640625), (256.0, 0.0)]
ROI: 10 - 72


15kV_18mm_3_u
[(0.0, 0.439453125), (8.0, 0.447265625), (16.0, 0.453125), (24.0, 0.462890625), (32.0, 0.4765625), (40.0, 0.484375), (48.0, 0.494140625), (56.0, 0.49609375), (64.0, 0.501953125), (72.0, 0.49609375), (80.0, 0.49609375), (88.0, 0.48828125), (96.0, 0.484375), (104.0, 0.478515625), (112.0, 0.46484375), (120.0, 0.458984375), (128.0, 0.44921875), (136.0, 0.439453125), (144.0, 0.427734375), (152.0, 0.41796875), (160.0, 0.396484375), (168.0, 0.3828125), (176.0, 0.36328125), (184.0, 0.3515625), (192.0, 0.328125), (200.0, 0.3125), (208.0, 0.287109375), (216.0, 0.25), (224.0, 0.21484375), (232.0, 0.169921875), (240.0, 0.12890625), (248.0, 0.06640625), (256.0, 0.0)]
ROI: 11 - 72


15kV_20mm_3_u
[(0.0, 0.453125), (8.0, 0.470703125), (16.0, 0.484375), (24.0, 0.490234375), (32.0, 0.490234375), (40.0, 0.494140625), (48.0, 0.49609375), (56.0, 0.49609375), (64.0, 0.5), (72.0, 0.494140625), (80.0, 0.48828125), (88.0, 0.486328125), (96.0, 0.47265625), (104.0, 0.46484375), (112.0, 0.455078125), (120.0, 0.4453125), (128.0, 0.44140625), (136.0, 0.427734375), (144.0, 0.4140625), (152.0, 0.40625), (160.0, 0.38671875), (168.0, 0.369140625), (176.0, 0.34765625), (184.0, 0.328125), (192.0, 0.306640625), (200.0, 0.28125), (208.0, 0.251953125), (216.0, 0.234375), (224.0, 0.19921875), (232.0, 0.15625), (240.0, 0.109375), (248.0, 0.06640625), (256.0, 0.0)]
ROI: 11 - 67


20kV_10mm_3_u
[(0.0, 0.44140625), (8.0, 0.451171875), (16.0, 0.45703125), (24.0, 0.466796875), (32.0, 0.478515625), (40.0, 0.48046875), (48.0, 0.484375), (56.0, 0.482421875), (64.0, 0.484375), (72.0, 0.486328125), (80.0, 0.4921875), (88.0, 0.48046875), (96.0, 0.474609375), (104.0, 0.47265625), (112.0, 0.466796875), (120.0, 0.46484375), (128.0, 0.44921875), (136.0, 0.443359375), (144.0, 0.435546875), (152.0, 0.423828125), (160.0, 0.4140625), (168.0, 0.396484375), (176.0, 0.375), (184.0, 0.357421875), (192.0, 0.33984375), (200.0, 0.3203125), (208.0, 0.29296875), (216.0, 0.265625), (224.0, 0.23828125), (232.0, 0.1953125), (240.0, 0.14453125), (248.0, 0.103515625), (256.0, 0.0)]
ROI: 21 - 193


20kV_12mm_3_u
[(0.0, 0.44921875), (8.0, 0.46484375), (16.0, 0.478515625), (24.0, 0.486328125), (32.0, 0.48828125), (40.0, 0.4921875), (48.0, 0.4921875), (56.0, 0.490234375), (64.0, 0.490234375), (72.0, 0.48828125), (80.0, 0.48046875), (88.0, 0.482421875), (96.0, 0.4765625), (104.0, 0.46875), (112.0, 0.46484375), (120.0, 0.4609375), (128.0, 0.44921875), (136.0, 0.44140625), (144.0, 0.423828125), (152.0, 0.4140625), (160.0, 0.400390625), (168.0, 0.3828125), (176.0, 0.3671875), (184.0, 0.345703125), (192.0, 0.330078125), (200.0, 0.3046875), (208.0, 0.283203125), (216.0, 0.2578125), (224.0, 0.21484375), (232.0, 0.169921875), (240.0, 0.126953125), (248.0, 0.087890625), (256.0, 0.0)]
ROI: 21 - 148


20kV_14mm_3_u
[(0.0, 0.462890625), (8.0, 0.47265625), (16.0, 0.482421875), (24.0, 0.490234375), (32.0, 0.494140625), (40.0, 0.5), (48.0, 0.501953125), (56.0, 0.5), (64.0, 0.5), (72.0, 0.490234375), (80.0, 0.484375), (88.0, 0.478515625), (96.0, 0.47265625), (104.0, 0.466796875), (112.0, 0.4609375), (120.0, 0.44921875), (128.0, 0.44140625), (136.0, 0.431640625), (144.0, 0.41796875), (152.0, 0.40625), (160.0, 0.392578125), (168.0, 0.375), (176.0, 0.353515625), (184.0, 0.3359375), (192.0, 0.310546875), (200.0, 0.28515625), (208.0, 0.271484375), (216.0, 0.240234375), (224.0, 0.205078125), (232.0, 0.166015625), (240.0, 0.123046875), (248.0, 0.080078125), (256.0, 0.0)]
ROI: 19 - 111


20kV_16mm_3_u
[(0.0, 0.46875), (8.0, 0.47265625), (16.0, 0.4765625), (24.0, 0.486328125), (32.0, 0.48828125), (40.0, 0.49609375), (48.0, 0.5), (56.0, 0.501953125), (64.0, 0.501953125), (72.0, 0.5), (80.0, 0.494140625), (88.0, 0.484375), (96.0, 0.47265625), (104.0, 0.46484375), (112.0, 0.45703125), (120.0, 0.44921875), (128.0, 0.435546875), (136.0, 0.423828125), (144.0, 0.412109375), (152.0, 0.3984375), (160.0, 0.38671875), (168.0, 0.36328125), (176.0, 0.34375), (184.0, 0.328125), (192.0, 0.302734375), (200.0, 0.27734375), (208.0, 0.244140625), (216.0, 0.21484375), (224.0, 0.1796875), (232.0, 0.140625), (240.0, 0.09375), (248.0, 0.044921875), (256.0, 0.0)]
ROI: 13 - 85


20kV_18mm_3_u
[(0.0, 0.466796875), (8.0, 0.4765625), (16.0, 0.478515625), (24.0, 0.48828125), (32.0, 0.49609375), (40.0, 0.494140625), (48.0, 0.498046875), (56.0, 0.5), (64.0, 0.5), (72.0, 0.490234375), (80.0, 0.486328125), (88.0, 0.474609375), (96.0, 0.466796875), (104.0, 0.4609375), (112.0, 0.458984375), (120.0, 0.44921875), (128.0, 0.44140625), (136.0, 0.427734375), (144.0, 0.404296875), (152.0, 0.3984375), (160.0, 0.37890625), (168.0, 0.359375), (176.0, 0.3515625), (184.0, 0.326171875), (192.0, 0.30078125), (200.0, 0.287109375), (208.0, 0.251953125), (216.0, 0.224609375), (224.0, 0.201171875), (232.0, 0.1640625), (240.0, 0.14453125), (248.0, 0.091796875), (256.0, 0.0)]
ROI: 11 - 64


20kV_20mm_3_u
[(0.0, 0.470703125), (8.0, 0.478515625), (16.0, 0.48046875), (24.0, 0.486328125), (32.0, 0.494140625), (40.0, 0.49609375), (48.0, 0.498046875), (56.0, 0.498046875), (64.0, 0.490234375), (72.0, 0.490234375), (80.0, 0.4765625), (88.0, 0.47265625), (96.0, 0.4609375), (104.0, 0.455078125), (112.0, 0.44921875), (120.0, 0.4453125), (128.0, 0.431640625), (136.0, 0.416015625), (144.0, 0.408203125), (152.0, 0.388671875), (160.0, 0.373046875), (168.0, 0.357421875), (176.0, 0.34375), (184.0, 0.322265625), (192.0, 0.306640625), (200.0, 0.27734375), (208.0, 0.25390625), (216.0, 0.220703125), (224.0, 0.18359375), (232.0, 0.140625), (240.0, 0.09375), (248.0, 0.044921875), (256.0, 0.0)]
ROI: 11 - 58


25kV_10mm_3_u
[(0.0, 0.453125), (8.0, 0.46875), (16.0, 0.474609375), (24.0, 0.474609375), (32.0, 0.482421875), (40.0, 0.4765625), (48.0, 0.48046875), (56.0, 0.482421875), (64.0, 0.478515625), (72.0, 0.478515625), (80.0, 0.482421875), (88.0, 0.474609375), (96.0, 0.474609375), (104.0, 0.46484375), (112.0, 0.4609375), (120.0, 0.453125), (128.0, 0.443359375), (136.0, 0.4375), (144.0, 0.435546875), (152.0, 0.41796875), (160.0, 0.41015625), (168.0, 0.388671875), (176.0, 0.375), (184.0, 0.35546875), (192.0, 0.337890625), (200.0, 0.318359375), (208.0, 0.291015625), (216.0, 0.26171875), (224.0, 0.234375), (232.0, 0.197265625), (240.0, 0.146484375), (248.0, 0.103515625), (256.0, 0.0)]
ROI: 25 - 207


25kV_12mm_3_u
[(0.0, 0.48046875), (8.0, 0.486328125), (16.0, 0.486328125), (24.0, 0.490234375), (32.0, 0.494140625), (40.0, 0.494140625), (48.0, 0.4921875), (56.0, 0.4921875), (64.0, 0.494140625), (72.0, 0.494140625), (80.0, 0.48828125), (88.0, 0.48046875), (96.0, 0.4765625), (104.0, 0.47265625), (112.0, 0.46484375), (120.0, 0.45703125), (128.0, 0.447265625), (136.0, 0.43359375), (144.0, 0.419921875), (152.0, 0.4140625), (160.0, 0.40234375), (168.0, 0.380859375), (176.0, 0.359375), (184.0, 0.34375), (192.0, 0.328125), (200.0, 0.3125), (208.0, 0.27734375), (216.0, 0.25390625), (224.0, 0.216796875), (232.0, 0.177734375), (240.0, 0.1328125), (248.0, 0.08203125), (256.0, 0.0)]
ROI: 25 - 159


25kV_14mm_3_u
[(0.0, 0.46875), (8.0, 0.478515625), (16.0, 0.484375), (24.0, 0.48828125), (32.0, 0.4921875), (40.0, 0.498046875), (48.0, 0.498046875), (56.0, 0.498046875), (64.0, 0.4921875), (72.0, 0.494140625), (80.0, 0.482421875), (88.0, 0.4765625), (96.0, 0.4765625), (104.0, 0.470703125), (112.0, 0.45703125), (120.0, 0.44921875), (128.0, 0.44140625), (136.0, 0.4296875), (144.0, 0.419921875), (152.0, 0.41015625), (160.0, 0.390625), (168.0, 0.380859375), (176.0, 0.365234375), (184.0, 0.34375), (192.0, 0.31640625), (200.0, 0.29296875), (208.0, 0.26953125), (216.0, 0.244140625), (224.0, 0.21875), (232.0, 0.1796875), (240.0, 0.13671875), (248.0, 0.09375), (256.0, 0.0)]
ROI: 20 - 119


25kV_16mm_3_u
[(0.0, 0.47265625), (8.0, 0.474609375), (16.0, 0.482421875), (24.0, 0.484375), (32.0, 0.490234375), (40.0, 0.494140625), (48.0, 0.498046875), (56.0, 0.498046875), (64.0, 0.49609375), (72.0, 0.490234375), (80.0, 0.486328125), (88.0, 0.478515625), (96.0, 0.47265625), (104.0, 0.46484375), (112.0, 0.455078125), (120.0, 0.4453125), (128.0, 0.4375), (136.0, 0.427734375), (144.0, 0.4140625), (152.0, 0.396484375), (160.0, 0.380859375), (168.0, 0.369140625), (176.0, 0.34765625), (184.0, 0.33203125), (192.0, 0.30859375), (200.0, 0.28125), (208.0, 0.26171875), (216.0, 0.216796875), (224.0, 0.1875), (232.0, 0.154296875), (240.0, 0.130859375), (248.0, 0.080078125), (256.0, 0.0)]
ROI: 16 - 91


25kV_18mm_3_u
[(0.0, 0.46484375), (8.0, 0.46875), (16.0, 0.478515625), (24.0, 0.48046875), (32.0, 0.486328125), (40.0, 0.4921875), (48.0, 0.498046875), (56.0, 0.5), (64.0, 0.49609375), (72.0, 0.4921875), (80.0, 0.490234375), (88.0, 0.48046875), (96.0, 0.474609375), (104.0, 0.466796875), (112.0, 0.458984375), (120.0, 0.447265625), (128.0, 0.439453125), (136.0, 0.421875), (144.0, 0.408203125), (152.0, 0.39453125), (160.0, 0.37890625), (168.0, 0.357421875), (176.0, 0.33984375), (184.0, 0.31640625), (192.0, 0.302734375), (200.0, 0.27734375), (208.0, 0.251953125), (216.0, 0.208984375), (224.0, 0.16796875), (232.0, 0.12890625), (240.0, 0.09375), (248.0, 0.046875), (256.0, 0.0)]
ROI: 10 - 70


25kV_20mm_3_u
[(0.0, 0.470703125), (8.0, 0.474609375), (16.0, 0.482421875), (24.0, 0.486328125), (32.0, 0.48828125), (40.0, 0.48828125), (48.0, 0.4921875), (56.0, 0.494140625), (64.0, 0.49609375), (72.0, 0.498046875), (80.0, 0.494140625), (88.0, 0.486328125), (96.0, 0.478515625), (104.0, 0.470703125), (112.0, 0.45703125), (120.0, 0.44921875), (128.0, 0.439453125), (136.0, 0.431640625), (144.0, 0.419921875), (152.0, 0.408203125), (160.0, 0.38671875), (168.0, 0.37109375), (176.0, 0.357421875), (184.0, 0.337890625), (192.0, 0.306640625), (200.0, 0.283203125), (208.0, 0.251953125), (216.0, 0.224609375), (224.0, 0.19140625), (232.0, 0.166015625), (240.0, 0.1328125), (248.0, 0.068359375), (256.0, 0.0)]
ROI: 10 - 63


30kV_10mm_3_u
[(0.0, 0.439453125), (8.0, 0.4609375), (16.0, 0.470703125), (24.0, 0.474609375), (32.0, 0.48046875), (40.0, 0.48046875), (48.0, 0.482421875), (56.0, 0.48046875), (64.0, 0.478515625), (72.0, 0.478515625), (80.0, 0.478515625), (88.0, 0.48046875), (96.0, 0.470703125), (104.0, 0.466796875), (112.0, 0.4609375), (120.0, 0.451171875), (128.0, 0.4453125), (136.0, 0.4375), (144.0, 0.421875), (152.0, 0.4140625), (160.0, 0.404296875), (168.0, 0.38671875), (176.0, 0.375), (184.0, 0.349609375), (192.0, 0.337890625), (200.0, 0.3125), (208.0, 0.28125), (216.0, 0.2578125), (224.0, 0.2265625), (232.0, 0.189453125), (240.0, 0.15234375), (248.0, 0.08984375), (256.0, 0.0)]
ROI: 26 - 194


30kV_12mm_3_u
[(0.0, 0.447265625), (8.0, 0.458984375), (16.0, 0.466796875), (24.0, 0.48046875), (32.0, 0.48828125), (40.0, 0.48828125), (48.0, 0.48828125), (56.0, 0.486328125), (64.0, 0.48828125), (72.0, 0.48828125), (80.0, 0.486328125), (88.0, 0.4765625), (96.0, 0.470703125), (104.0, 0.470703125), (112.0, 0.46484375), (120.0, 0.453125), (128.0, 0.4453125), (136.0, 0.431640625), (144.0, 0.423828125), (152.0, 0.40625), (160.0, 0.39453125), (168.0, 0.380859375), (176.0, 0.3671875), (184.0, 0.34765625), (192.0, 0.32421875), (200.0, 0.298828125), (208.0, 0.2734375), (216.0, 0.24609375), (224.0, 0.20703125), (232.0, 0.16015625), (240.0, 0.12109375), (248.0, 0.07421875), (256.0, 0.0)]
ROI: 23 - 149


30kV_14mm_3_u
[(0.0, 0.4453125), (8.0, 0.466796875), (16.0, 0.474609375), (24.0, 0.482421875), (32.0, 0.48828125), (40.0, 0.4921875), (48.0, 0.490234375), (56.0, 0.490234375), (64.0, 0.4921875), (72.0, 0.48828125), (80.0, 0.48828125), (88.0, 0.4765625), (96.0, 0.47265625), (104.0, 0.466796875), (112.0, 0.45703125), (120.0, 0.44921875), (128.0, 0.4375), (136.0, 0.427734375), (144.0, 0.412109375), (152.0, 0.40234375), (160.0, 0.38671875), (168.0, 0.37109375), (176.0, 0.349609375), (184.0, 0.328125), (192.0, 0.306640625), (200.0, 0.28125), (208.0, 0.25390625), (216.0, 0.2265625), (224.0, 0.18359375), (232.0, 0.1484375), (240.0, 0.107421875), (248.0, 0.05859375), (256.0, 0.0)]
ROI: 19 - 113


30kV_16mm_3_u
[(0.0, 0.4609375), (8.0, 0.470703125), (16.0, 0.48046875), (24.0, 0.48046875), (32.0, 0.482421875), (40.0, 0.49609375), (48.0, 0.494140625), (56.0, 0.4921875), (64.0, 0.49609375), (72.0, 0.490234375), (80.0, 0.490234375), (88.0, 0.4765625), (96.0, 0.470703125), (104.0, 0.46875), (112.0, 0.4609375), (120.0, 0.453125), (128.0, 0.4375), (136.0, 0.423828125), (144.0, 0.412109375), (152.0, 0.400390625), (160.0, 0.3828125), (168.0, 0.3671875), (176.0, 0.34765625), (184.0, 0.3359375), (192.0, 0.3046875), (200.0, 0.27734375), (208.0, 0.251953125), (216.0, 0.220703125), (224.0, 0.16796875), (232.0, 0.140625), (240.0, 0.109375), (248.0, 0.068359375), (256.0, 0.0)]
ROI: 13 - 85


30kV_18mm_3_u
[(0.0, 0.466796875), (8.0, 0.474609375), (16.0, 0.482421875), (24.0, 0.48828125), (32.0, 0.490234375), (40.0, 0.494140625), (48.0, 0.4921875), (56.0, 0.494140625), (64.0, 0.4921875), (72.0, 0.48828125), (80.0, 0.48046875), (88.0, 0.4765625), (96.0, 0.466796875), (104.0, 0.45703125), (112.0, 0.4453125), (120.0, 0.4453125), (128.0, 0.42578125), (136.0, 0.41796875), (144.0, 0.404296875), (152.0, 0.390625), (160.0, 0.3671875), (168.0, 0.34765625), (176.0, 0.341796875), (184.0, 0.3125), (192.0, 0.2890625), (200.0, 0.275390625), (208.0, 0.234375), (216.0, 0.203125), (224.0, 0.177734375), (232.0, 0.140625), (240.0, 0.091796875), (248.0, 0.044921875), (256.0, 0.0)]
ROI: 11 - 65


30kV_20mm_3_u
[(0.0, 0.478515625), (8.0, 0.486328125), (16.0, 0.484375), (24.0, 0.486328125), (32.0, 0.48828125), (40.0, 0.48828125), (48.0, 0.49609375), (56.0, 0.49609375), (64.0, 0.5), (72.0, 0.4921875), (80.0, 0.484375), (88.0, 0.4765625), (96.0, 0.46875), (104.0, 0.46484375), (112.0, 0.453125), (120.0, 0.4453125), (128.0, 0.43359375), (136.0, 0.419921875), (144.0, 0.400390625), (152.0, 0.392578125), (160.0, 0.3671875), (168.0, 0.359375), (176.0, 0.3359375), (184.0, 0.30859375), (192.0, 0.30078125), (200.0, 0.26171875), (208.0, 0.2421875), (216.0, 0.2109375), (224.0, 0.181640625), (232.0, 0.146484375), (240.0, 0.109375), (248.0, 0.087890625), (256.0, 0.0)]
ROI: 9 - 60
