
5kV_10mm_3_u
[(0.0, 0.26171875), (8.0, 0.2578125), (16.0, 0.25390625), (24.0, 0.25390625), (32.0, 0.25), (40.0, 0.251953125), (48.0, 0.248046875), (56.0, 0.24609375), (64.0, 0.24609375), (72.0, 0.24609375), (80.0, 0.23828125), (88.0, 0.23828125), (96.0, 0.234375), (104.0, 0.23046875), (112.0, 0.228515625), (120.0, 0.220703125), (128.0, 0.220703125), (136.0, 0.21875), (144.0, 0.22265625), (152.0, 0.212890625), (160.0, 0.21484375), (168.0, 0.20703125), (176.0, 0.201171875), (184.0, 0.193359375), (192.0, 0.1796875), (200.0, 0.1640625), (208.0, 0.15625), (216.0, 0.140625), (224.0, 0.1171875), (232.0, 0.095703125), (240.0, 0.0703125), (248.0, 0.041015625), (256.0, 0.0)]
ROI: 22 - 209


5kV_12mm_3_u
[(0.0, 0.3359375), (8.0, 0.33203125), (16.0, 0.33203125), (24.0, 0.328125), (32.0, 0.326171875), (40.0, 0.330078125), (48.0, 0.322265625), (56.0, 0.318359375), (64.0, 0.318359375), (72.0, 0.3125), (80.0, 0.3125), (88.0, 0.306640625), (96.0, 0.302734375), (104.0, 0.29296875), (112.0, 0.29296875), (120.0, 0.294921875), (128.0, 0.29296875), (136.0, 0.28515625), (144.0, 0.28515625), (152.0, 0.28515625), (160.0, 0.26953125), (168.0, 0.259765625), (176.0, 0.248046875), (184.0, 0.236328125), (192.0, 0.220703125), (200.0, 0.203125), (208.0, 0.1875), (216.0, 0.16796875), (224.0, 0.150390625), (232.0, 0.125), (240.0, 0.095703125), (248.0, 0.0546875), (256.0, 0.0)]
ROI: 25 - 231


5kV_14mm_3_u
[(0.0, 0.400390625), (8.0, 0.3984375), (16.0, 0.392578125), (24.0, 0.396484375), (32.0, 0.390625), (40.0, 0.384765625), (48.0, 0.3828125), (56.0, 0.380859375), (64.0, 0.376953125), (72.0, 0.37109375), (80.0, 0.37109375), (88.0, 0.365234375), (96.0, 0.357421875), (104.0, 0.357421875), (112.0, 0.357421875), (120.0, 0.3515625), (128.0, 0.341796875), (136.0, 0.33203125), (144.0, 0.32421875), (152.0, 0.314453125), (160.0, 0.30078125), (168.0, 0.287109375), (176.0, 0.2734375), (184.0, 0.2578125), (192.0, 0.244140625), (200.0, 0.2265625), (208.0, 0.203125), (216.0, 0.1875), (224.0, 0.162109375), (232.0, 0.14453125), (240.0, 0.1015625), (248.0, 0.0546875), (256.0, 0.0)]
ROI: 25 - 171


5kV_16mm_3_u
[(0.0, 0.41015625), (8.0, 0.41015625), (16.0, 0.41015625), (24.0, 0.41015625), (32.0, 0.408203125), (40.0, 0.40234375), (48.0, 0.40234375), (56.0, 0.3984375), (64.0, 0.39453125), (72.0, 0.392578125), (80.0, 0.388671875), (88.0, 0.38671875), (96.0, 0.384765625), (104.0, 0.37890625), (112.0, 0.380859375), (120.0, 0.369140625), (128.0, 0.36328125), (136.0, 0.361328125), (144.0, 0.34375), (152.0, 0.3359375), (160.0, 0.32421875), (168.0, 0.30859375), (176.0, 0.294921875), (184.0, 0.28125), (192.0, 0.267578125), (200.0, 0.24609375), (208.0, 0.23046875), (216.0, 0.208984375), (224.0, 0.1796875), (232.0, 0.15234375), (240.0, 0.1171875), (248.0, 0.05078125), (256.0, 0.0)]
ROI: 22 - 126


5kV_18mm_3_u
[(0.0, 0.412109375), (8.0, 0.408203125), (16.0, 0.40625), (24.0, 0.404296875), (32.0, 0.404296875), (40.0, 0.40625), (48.0, 0.400390625), (56.0, 0.400390625), (64.0, 0.400390625), (72.0, 0.400390625), (80.0, 0.40625), (88.0, 0.3984375), (96.0, 0.3984375), (104.0, 0.392578125), (112.0, 0.390625), (120.0, 0.38671875), (128.0, 0.37890625), (136.0, 0.380859375), (144.0, 0.376953125), (152.0, 0.359375), (160.0, 0.3515625), (168.0, 0.341796875), (176.0, 0.333984375), (184.0, 0.306640625), (192.0, 0.296875), (200.0, 0.275390625), (208.0, 0.25), (216.0, 0.234375), (224.0, 0.203125), (232.0, 0.17578125), (240.0, 0.1171875), (248.0, 0.044921875), (256.0, 0.0)]
ROI: 13 - 95


5kV_20mm_3_u
[(0.0, 0.4375), (8.0, 0.431640625), (16.0, 0.4296875), (24.0, 0.4296875), (32.0, 0.423828125), (40.0, 0.419921875), (48.0, 0.419921875), (56.0, 0.41796875), (64.0, 0.416015625), (72.0, 0.412109375), (80.0, 0.41015625), (88.0, 0.41015625), (96.0, 0.40625), (104.0, 0.404296875), (112.0, 0.400390625), (120.0, 0.404296875), (128.0, 0.3984375), (136.0, 0.396484375), (144.0, 0.38671875), (152.0, 0.376953125), (160.0, 0.36328125), (168.0, 0.34765625), (176.0, 0.3359375), (184.0, 0.31640625), (192.0, 0.294921875), (200.0, 0.27734375), (208.0, 0.24609375), (216.0, 0.2109375), (224.0, 0.1796875), (232.0, 0.13671875), (240.0, 0.080078125), (248.0, 0.021484375), (256.0, 0.0)]
ROI: 9 - 72


10kV_10mm_3_u
[(0.0, 0.25390625), (8.0, 0.25390625), (16.0, 0.251953125), (24.0, 0.25), (32.0, 0.248046875), (40.0, 0.24609375), (48.0, 0.244140625), (56.0, 0.2421875), (64.0, 0.23828125), (72.0, 0.244140625), (80.0, 0.244140625), (88.0, 0.23828125), (96.0, 0.234375), (104.0, 0.23828125), (112.0, 0.234375), (120.0, 0.236328125), (128.0, 0.234375), (136.0, 0.228515625), (144.0, 0.232421875), (152.0, 0.23046875), (160.0, 0.2265625), (168.0, 0.22265625), (176.0, 0.216796875), (184.0, 0.19921875), (192.0, 0.1875), (200.0, 0.17578125), (208.0, 0.162109375), (216.0, 0.146484375), (224.0, 0.12890625), (232.0, 0.1015625), (240.0, 0.07421875), (248.0, 0.0), (256.0, 0.0)]
ROI: 13 - 151


10kV_12mm_3_u
[(0.0, 0.296875), (8.0, 0.291015625), (16.0, 0.29296875), (24.0, 0.29296875), (32.0, 0.2890625), (40.0, 0.287109375), (48.0, 0.283203125), (56.0, 0.28125), (64.0, 0.279296875), (72.0, 0.2734375), (80.0, 0.28125), (88.0, 0.27734375), (96.0, 0.287109375), (104.0, 0.27734375), (112.0, 0.28125), (120.0, 0.27734375), (128.0, 0.275390625), (136.0, 0.27734375), (144.0, 0.2734375), (152.0, 0.271484375), (160.0, 0.267578125), (168.0, 0.259765625), (176.0, 0.251953125), (184.0, 0.232421875), (192.0, 0.21875), (200.0, 0.2109375), (208.0, 0.18359375), (216.0, 0.169921875), (224.0, 0.1484375), (232.0, 0.12890625), (240.0, 0.091796875), (248.0, 0.029296875), (256.0, 0.0)]
ROI: 13 - 116


10kV_14mm_3_u
[(0.0, 0.373046875), (8.0, 0.365234375), (16.0, 0.36328125), (24.0, 0.36328125), (32.0, 0.359375), (40.0, 0.35546875), (48.0, 0.3515625), (56.0, 0.34765625), (64.0, 0.345703125), (72.0, 0.345703125), (80.0, 0.34375), (88.0, 0.341796875), (96.0, 0.3359375), (104.0, 0.333984375), (112.0, 0.33203125), (120.0, 0.3359375), (128.0, 0.333984375), (136.0, 0.328125), (144.0, 0.318359375), (152.0, 0.30859375), (160.0, 0.30078125), (168.0, 0.28515625), (176.0, 0.2734375), (184.0, 0.26171875), (192.0, 0.24609375), (200.0, 0.23046875), (208.0, 0.203125), (216.0, 0.1875), (224.0, 0.1640625), (232.0, 0.140625), (240.0, 0.1015625), (248.0, 0.056640625), (256.0, 0.0)]
ROI: 10 - 87


10kV_16mm_3_u
[(0.0, 0.37890625), (8.0, 0.373046875), (16.0, 0.373046875), (24.0, 0.373046875), (32.0, 0.37109375), (40.0, 0.369140625), (48.0, 0.37109375), (56.0, 0.37109375), (64.0, 0.369140625), (72.0, 0.3671875), (80.0, 0.3671875), (88.0, 0.3671875), (96.0, 0.365234375), (104.0, 0.3671875), (112.0, 0.36328125), (120.0, 0.359375), (128.0, 0.353515625), (136.0, 0.349609375), (144.0, 0.34375), (152.0, 0.3359375), (160.0, 0.32421875), (168.0, 0.3203125), (176.0, 0.298828125), (184.0, 0.287109375), (192.0, 0.265625), (200.0, 0.25), (208.0, 0.224609375), (216.0, 0.197265625), (224.0, 0.173828125), (232.0, 0.126953125), (240.0, 0.08203125), (248.0, 0.029296875), (256.0, 0.0)]
ROI: 6 - 64


10kV_18mm_3_u
[(0.0, 0.40625), (8.0, 0.404296875), (16.0, 0.40625), (24.0, 0.40234375), (32.0, 0.3984375), (40.0, 0.400390625), (48.0, 0.39453125), (56.0, 0.39453125), (64.0, 0.390625), (72.0, 0.388671875), (80.0, 0.388671875), (88.0, 0.392578125), (96.0, 0.390625), (104.0, 0.38671875), (112.0, 0.3828125), (120.0, 0.384765625), (128.0, 0.3828125), (136.0, 0.375), (144.0, 0.365234375), (152.0, 0.359375), (160.0, 0.34375), (168.0, 0.3359375), (176.0, 0.318359375), (184.0, 0.30078125), (192.0, 0.294921875), (200.0, 0.265625), (208.0, 0.251953125), (216.0, 0.228515625), (224.0, 0.197265625), (232.0, 0.16015625), (240.0, 0.109375), (248.0, 0.06640625), (256.0, 0.0)]
ROI: 4 - 55


10kV_20mm_3_u
[(0.0, 0.416015625), (8.0, 0.4140625), (16.0, 0.412109375), (24.0, 0.412109375), (32.0, 0.4140625), (40.0, 0.408203125), (48.0, 0.412109375), (56.0, 0.41015625), (64.0, 0.40625), (72.0, 0.40234375), (80.0, 0.40625), (88.0, 0.3984375), (96.0, 0.40234375), (104.0, 0.400390625), (112.0, 0.3984375), (120.0, 0.404296875), (128.0, 0.396484375), (136.0, 0.38671875), (144.0, 0.373046875), (152.0, 0.369140625), (160.0, 0.357421875), (168.0, 0.34375), (176.0, 0.330078125), (184.0, 0.306640625), (192.0, 0.29296875), (200.0, 0.26171875), (208.0, 0.24609375), (216.0, 0.203125), (224.0, 0.1796875), (232.0, 0.13671875), (240.0, 0.087890625), (248.0, 0.052734375), (256.0, 0.0)]
ROI: 4 - 49


15kV_10mm_3_u
[(0.0, 0.24609375), (8.0, 0.248046875), (16.0, 0.244140625), (24.0, 0.23828125), (32.0, 0.234375), (40.0, 0.23046875), (48.0, 0.232421875), (56.0, 0.232421875), (64.0, 0.234375), (72.0, 0.23046875), (80.0, 0.228515625), (88.0, 0.23046875), (96.0, 0.2265625), (104.0, 0.22265625), (112.0, 0.224609375), (120.0, 0.228515625), (128.0, 0.232421875), (136.0, 0.232421875), (144.0, 0.236328125), (152.0, 0.234375), (160.0, 0.23046875), (168.0, 0.2265625), (176.0, 0.21484375), (184.0, 0.19921875), (192.0, 0.193359375), (200.0, 0.17578125), (208.0, 0.16796875), (216.0, 0.1484375), (224.0, 0.1328125), (232.0, 0.10546875), (240.0, 0.08203125), (248.0, 0.025390625), (256.0, 0.0)]
ROI: 19 - 164


15kV_12mm_3_u
[(0.0, 0.3125), (8.0, 0.306640625), (16.0, 0.302734375), (24.0, 0.30078125), (32.0, 0.30078125), (40.0, 0.302734375), (48.0, 0.298828125), (56.0, 0.294921875), (64.0, 0.29296875), (72.0, 0.287109375), (80.0, 0.28515625), (88.0, 0.283203125), (96.0, 0.28125), (104.0, 0.27734375), (112.0, 0.27734375), (120.0, 0.28125), (128.0, 0.28125), (136.0, 0.27734375), (144.0, 0.27734375), (152.0, 0.271484375), (160.0, 0.26171875), (168.0, 0.25390625), (176.0, 0.2421875), (184.0, 0.2265625), (192.0, 0.216796875), (200.0, 0.197265625), (208.0, 0.1875), (216.0, 0.173828125), (224.0, 0.150390625), (232.0, 0.125), (240.0, 0.08984375), (248.0, 0.0390625), (256.0, 0.0)]
ROI: 19 - 126


15kV_14mm_3_u
[(0.0, 0.345703125), (8.0, 0.349609375), (16.0, 0.345703125), (24.0, 0.34375), (32.0, 0.33984375), (40.0, 0.337890625), (48.0, 0.3359375), (56.0, 0.333984375), (64.0, 0.333984375), (72.0, 0.333984375), (80.0, 0.328125), (88.0, 0.330078125), (96.0, 0.33203125), (104.0, 0.326171875), (112.0, 0.328125), (120.0, 0.326171875), (128.0, 0.328125), (136.0, 0.3203125), (144.0, 0.31640625), (152.0, 0.3046875), (160.0, 0.296875), (168.0, 0.287109375), (176.0, 0.27734375), (184.0, 0.2578125), (192.0, 0.2421875), (200.0, 0.228515625), (208.0, 0.205078125), (216.0, 0.193359375), (224.0, 0.16796875), (232.0, 0.126953125), (240.0, 0.0703125), (248.0, 0.029296875), (256.0, 0.0)]
ROI: 12 - 94


15kV_16mm_3_u
[(0.0, 0.37890625), (8.0, 0.376953125), (16.0, 0.375), (24.0, 0.37109375), (32.0, 0.3671875), (40.0, 0.365234375), (48.0, 0.36328125), (56.0, 0.365234375), (64.0, 0.365234375), (72.0, 0.36328125), (80.0, 0.36328125), (88.0, 0.361328125), (96.0, 0.361328125), (104.0, 0.359375), (112.0, 0.353515625), (120.0, 0.3515625), (128.0, 0.34765625), (136.0, 0.33984375), (144.0, 0.328125), (152.0, 0.3203125), (160.0, 0.30859375), (168.0, 0.29296875), (176.0, 0.279296875), (184.0, 0.26953125), (192.0, 0.248046875), (200.0, 0.232421875), (208.0, 0.212890625), (216.0, 0.17578125), (224.0, 0.14453125), (232.0, 0.103515625), (240.0, 0.05859375), (248.0, 0.033203125), (256.0, 0.0)]
ROI: 10 - 72


15kV_18mm_3_u
[(0.0, 0.408203125), (8.0, 0.40234375), (16.0, 0.3984375), (24.0, 0.396484375), (32.0, 0.396484375), (40.0, 0.39453125), (48.0, 0.390625), (56.0, 0.390625), (64.0, 0.38671875), (72.0, 0.384765625), (80.0, 0.38671875), (88.0, 0.380859375), (96.0, 0.380859375), (104.0, 0.3828125), (112.0, 0.380859375), (120.0, 0.37890625), (128.0, 0.369140625), (136.0, 0.359375), (144.0, 0.3515625), (152.0, 0.34375), (160.0, 0.328125), (168.0, 0.318359375), (176.0, 0.30859375), (184.0, 0.2890625), (192.0, 0.26953125), (200.0, 0.2578125), (208.0, 0.23828125), (216.0, 0.203125), (224.0, 0.173828125), (232.0, 0.134765625), (240.0, 0.080078125), (248.0, 0.044921875), (256.0, 0.0)]
ROI: 11 - 72


15kV_20mm_3_u
[(0.0, 0.4375), (8.0, 0.43359375), (16.0, 0.42578125), (24.0, 0.419921875), (32.0, 0.41796875), (40.0, 0.4140625), (48.0, 0.412109375), (56.0, 0.41015625), (64.0, 0.41015625), (72.0, 0.4140625), (80.0, 0.41015625), (88.0, 0.40625), (96.0, 0.404296875), (104.0, 0.40234375), (112.0, 0.39453125), (120.0, 0.3828125), (128.0, 0.37890625), (136.0, 0.36328125), (144.0, 0.35546875), (152.0, 0.34765625), (160.0, 0.3359375), (168.0, 0.31640625), (176.0, 0.310546875), (184.0, 0.29296875), (192.0, 0.27734375), (200.0, 0.240234375), (208.0, 0.2109375), (216.0, 0.1953125), (224.0, 0.166015625), (232.0, 0.119140625), (240.0, 0.0703125), (248.0, 0.02734375), (256.0, 0.0)]
ROI: 11 - 67


20kV_10mm_3_u
[(0.0, 0.271484375), (8.0, 0.265625), (16.0, 0.265625), (24.0, 0.263671875), (32.0, 0.26171875), (40.0, 0.255859375), (48.0, 0.25), (56.0, 0.25), (64.0, 0.248046875), (72.0, 0.24609375), (80.0, 0.244140625), (88.0, 0.240234375), (96.0, 0.234375), (104.0, 0.232421875), (112.0, 0.234375), (120.0, 0.232421875), (128.0, 0.236328125), (136.0, 0.240234375), (144.0, 0.236328125), (152.0, 0.236328125), (160.0, 0.234375), (168.0, 0.224609375), (176.0, 0.216796875), (184.0, 0.20703125), (192.0, 0.1953125), (200.0, 0.18359375), (208.0, 0.171875), (216.0, 0.15625), (224.0, 0.13671875), (232.0, 0.111328125), (240.0, 0.0859375), (248.0, 0.03515625), (256.0, 0.0)]
ROI: 21 - 192


20kV_12mm_3_u
[(0.0, 0.30078125), (8.0, 0.294921875), (16.0, 0.29296875), (24.0, 0.294921875), (32.0, 0.29296875), (40.0, 0.294921875), (48.0, 0.294921875), (56.0, 0.296875), (64.0, 0.29296875), (72.0, 0.287109375), (80.0, 0.287109375), (88.0, 0.287109375), (96.0, 0.291015625), (104.0, 0.2890625), (112.0, 0.291015625), (120.0, 0.294921875), (128.0, 0.29296875), (136.0, 0.29296875), (144.0, 0.28515625), (152.0, 0.27734375), (160.0, 0.267578125), (168.0, 0.2578125), (176.0, 0.25), (184.0, 0.23828125), (192.0, 0.220703125), (200.0, 0.205078125), (208.0, 0.1875), (216.0, 0.17578125), (224.0, 0.15625), (232.0, 0.12109375), (240.0, 0.08984375), (248.0, 0.0234375), (256.0, 0.0)]
ROI: 21 - 147


20kV_14mm_3_u
[(0.0, 0.328125), (8.0, 0.330078125), (16.0, 0.326171875), (24.0, 0.330078125), (32.0, 0.33203125), (40.0, 0.328125), (48.0, 0.328125), (56.0, 0.326171875), (64.0, 0.328125), (72.0, 0.328125), (80.0, 0.328125), (88.0, 0.328125), (96.0, 0.326171875), (104.0, 0.328125), (112.0, 0.33203125), (120.0, 0.330078125), (128.0, 0.328125), (136.0, 0.3203125), (144.0, 0.3046875), (152.0, 0.296875), (160.0, 0.29296875), (168.0, 0.28125), (176.0, 0.26953125), (184.0, 0.25390625), (192.0, 0.234375), (200.0, 0.21484375), (208.0, 0.19921875), (216.0, 0.17578125), (224.0, 0.15234375), (232.0, 0.130859375), (240.0, 0.0703125), (248.0, 0.03125), (256.0, 0.0)]
ROI: 19 - 111


20kV_16mm_3_u
[(0.0, 0.388671875), (8.0, 0.38671875), (16.0, 0.388671875), (24.0, 0.388671875), (32.0, 0.384765625), (40.0, 0.384765625), (48.0, 0.3828125), (56.0, 0.3828125), (64.0, 0.380859375), (72.0, 0.3828125), (80.0, 0.37890625), (88.0, 0.376953125), (96.0, 0.37109375), (104.0, 0.365234375), (112.0, 0.359375), (120.0, 0.35546875), (128.0, 0.345703125), (136.0, 0.337890625), (144.0, 0.3359375), (152.0, 0.31640625), (160.0, 0.306640625), (168.0, 0.29296875), (176.0, 0.27734375), (184.0, 0.271484375), (192.0, 0.248046875), (200.0, 0.23046875), (208.0, 0.203125), (216.0, 0.166015625), (224.0, 0.142578125), (232.0, 0.103515625), (240.0, 0.046875), (248.0, 0.025390625), (256.0, 0.0)]
ROI: 13 - 84


20kV_18mm_3_u
[(0.0, 0.3984375), (8.0, 0.3984375), (16.0, 0.39453125), (24.0, 0.392578125), (32.0, 0.38671875), (40.0, 0.38671875), (48.0, 0.38671875), (56.0, 0.38671875), (64.0, 0.390625), (72.0, 0.38671875), (80.0, 0.38671875), (88.0, 0.388671875), (96.0, 0.38671875), (104.0, 0.38671875), (112.0, 0.3828125), (120.0, 0.369140625), (128.0, 0.36328125), (136.0, 0.35546875), (144.0, 0.33984375), (152.0, 0.33203125), (160.0, 0.318359375), (168.0, 0.30078125), (176.0, 0.29296875), (184.0, 0.2734375), (192.0, 0.255859375), (200.0, 0.2421875), (208.0, 0.20703125), (216.0, 0.19140625), (224.0, 0.15625), (232.0, 0.11328125), (240.0, 0.072265625), (248.0, 0.03125), (256.0, 0.0)]
ROI: 11 - 63


20kV_20mm_3_u
[(0.0, 0.41796875), (8.0, 0.4140625), (16.0, 0.408203125), (24.0, 0.41015625), (32.0, 0.412109375), (40.0, 0.412109375), (48.0, 0.41015625), (56.0, 0.412109375), (64.0, 0.4140625), (72.0, 0.40625), (80.0, 0.40625), (88.0, 0.41015625), (96.0, 0.40625), (104.0, 0.39453125), (112.0, 0.388671875), (120.0, 0.3828125), (128.0, 0.369140625), (136.0, 0.359375), (144.0, 0.3515625), (152.0, 0.337890625), (160.0, 0.32421875), (168.0, 0.31640625), (176.0, 0.30078125), (184.0, 0.28515625), (192.0, 0.26171875), (200.0, 0.25), (208.0, 0.220703125), (216.0, 0.197265625), (224.0, 0.158203125), (232.0, 0.12890625), (240.0, 0.08203125), (248.0, 0.029296875), (256.0, 0.0)]
ROI: 11 - 57


25kV_10mm_3_u
[(0.0, 0.275390625), (8.0, 0.271484375), (16.0, 0.271484375), (24.0, 0.26171875), (32.0, 0.263671875), (40.0, 0.26171875), (48.0, 0.255859375), (56.0, 0.25390625), (64.0, 0.259765625), (72.0, 0.25390625), (80.0, 0.25), (88.0, 0.251953125), (96.0, 0.25), (104.0, 0.255859375), (112.0, 0.25390625), (120.0, 0.2578125), (128.0, 0.25390625), (136.0, 0.25), (144.0, 0.25390625), (152.0, 0.24609375), (160.0, 0.23828125), (168.0, 0.228515625), (176.0, 0.21875), (184.0, 0.20703125), (192.0, 0.19921875), (200.0, 0.1875), (208.0, 0.16796875), (216.0, 0.15234375), (224.0, 0.138671875), (232.0, 0.1171875), (240.0, 0.08203125), (248.0, 0.021484375), (256.0, 0.0)]
ROI: 25 - 207


25kV_12mm_3_u
[(0.0, 0.322265625), (8.0, 0.322265625), (16.0, 0.322265625), (24.0, 0.32421875), (32.0, 0.318359375), (40.0, 0.30859375), (48.0, 0.314453125), (56.0, 0.314453125), (64.0, 0.306640625), (72.0, 0.302734375), (80.0, 0.296875), (88.0, 0.3046875), (96.0, 0.30078125), (104.0, 0.302734375), (112.0, 0.296875), (120.0, 0.30078125), (128.0, 0.296875), (136.0, 0.29296875), (144.0, 0.28515625), (152.0, 0.279296875), (160.0, 0.2734375), (168.0, 0.26171875), (176.0, 0.24609375), (184.0, 0.232421875), (192.0, 0.22265625), (200.0, 0.21484375), (208.0, 0.19140625), (216.0, 0.17578125), (224.0, 0.16015625), (232.0, 0.125), (240.0, 0.0859375), (248.0, 0.025390625), (256.0, 0.0)]
ROI: 25 - 159


25kV_14mm_3_u
[(0.0, 0.36328125), (8.0, 0.361328125), (16.0, 0.365234375), (24.0, 0.357421875), (32.0, 0.353515625), (40.0, 0.3515625), (48.0, 0.3515625), (56.0, 0.349609375), (64.0, 0.34375), (72.0, 0.345703125), (80.0, 0.34375), (88.0, 0.337890625), (96.0, 0.3359375), (104.0, 0.3359375), (112.0, 0.337890625), (120.0, 0.3359375), (128.0, 0.33203125), (136.0, 0.3203125), (144.0, 0.3125), (152.0, 0.3046875), (160.0, 0.29296875), (168.0, 0.28515625), (176.0, 0.275390625), (184.0, 0.2578125), (192.0, 0.2421875), (200.0, 0.22265625), (208.0, 0.201171875), (216.0, 0.1875), (224.0, 0.166015625), (232.0, 0.13671875), (240.0, 0.091796875), (248.0, 0.033203125), (256.0, 0.0)]
ROI: 20 - 119


25kV_16mm_3_u
[(0.0, 0.38671875), (8.0, 0.3828125), (16.0, 0.3828125), (24.0, 0.3828125), (32.0, 0.376953125), (40.0, 0.375), (48.0, 0.37890625), (56.0, 0.37890625), (64.0, 0.369140625), (72.0, 0.37109375), (80.0, 0.373046875), (88.0, 0.373046875), (96.0, 0.37109375), (104.0, 0.3671875), (112.0, 0.357421875), (120.0, 0.349609375), (128.0, 0.33984375), (136.0, 0.33203125), (144.0, 0.326171875), (152.0, 0.30859375), (160.0, 0.296875), (168.0, 0.287109375), (176.0, 0.279296875), (184.0, 0.26953125), (192.0, 0.23828125), (200.0, 0.2265625), (208.0, 0.2109375), (216.0, 0.173828125), (224.0, 0.1484375), (232.0, 0.12109375), (240.0, 0.0625), (248.0, 0.0234375), (256.0, 0.0)]
ROI: 19 - 90


25kV_18mm_3_u
[(0.0, 0.404296875), (8.0, 0.408203125), (16.0, 0.400390625), (24.0, 0.400390625), (32.0, 0.39453125), (40.0, 0.396484375), (48.0, 0.392578125), (56.0, 0.390625), (64.0, 0.390625), (72.0, 0.390625), (80.0, 0.390625), (88.0, 0.39453125), (96.0, 0.39453125), (104.0, 0.38671875), (112.0, 0.37890625), (120.0, 0.3671875), (128.0, 0.36328125), (136.0, 0.349609375), (144.0, 0.34375), (152.0, 0.330078125), (160.0, 0.3203125), (168.0, 0.30078125), (176.0, 0.28515625), (184.0, 0.265625), (192.0, 0.244140625), (200.0, 0.234375), (208.0, 0.212890625), (216.0, 0.171875), (224.0, 0.13671875), (232.0, 0.103515625), (240.0, 0.064453125), (248.0, 0.041015625), (256.0, 0.0)]
ROI: 10 - 70


25kV_20mm_3_u
[(0.0, 0.41796875), (8.0, 0.4140625), (16.0, 0.412109375), (24.0, 0.412109375), (32.0, 0.412109375), (40.0, 0.412109375), (48.0, 0.40625), (56.0, 0.408203125), (64.0, 0.404296875), (72.0, 0.40625), (80.0, 0.41015625), (88.0, 0.41015625), (96.0, 0.41015625), (104.0, 0.3984375), (112.0, 0.392578125), (120.0, 0.38671875), (128.0, 0.37890625), (136.0, 0.36328125), (144.0, 0.359375), (152.0, 0.34375), (160.0, 0.33984375), (168.0, 0.3203125), (176.0, 0.30078125), (184.0, 0.29296875), (192.0, 0.26953125), (200.0, 0.24609375), (208.0, 0.236328125), (216.0, 0.1953125), (224.0, 0.166015625), (232.0, 0.142578125), (240.0, 0.0859375), (248.0, 0.048828125), (256.0, 0.0)]
ROI: 10 - 63


30kV_10mm_3_u
[(0.0, 0.279296875), (8.0, 0.279296875), (16.0, 0.271484375), (24.0, 0.27734375), (32.0, 0.271484375), (40.0, 0.259765625), (48.0, 0.26171875), (56.0, 0.26171875), (64.0, 0.26171875), (72.0, 0.263671875), (80.0, 0.26171875), (88.0, 0.25390625), (96.0, 0.255859375), (104.0, 0.26171875), (112.0, 0.2578125), (120.0, 0.2578125), (128.0, 0.25390625), (136.0, 0.2578125), (144.0, 0.25390625), (152.0, 0.24609375), (160.0, 0.244140625), (168.0, 0.234375), (176.0, 0.2265625), (184.0, 0.212890625), (192.0, 0.203125), (200.0, 0.189453125), (208.0, 0.17578125), (216.0, 0.15625), (224.0, 0.140625), (232.0, 0.1171875), (240.0, 0.087890625), (248.0, 0.0390625), (256.0, 0.0)]
ROI: 26 - 194


30kV_12mm_3_u
[(0.0, 0.314453125), (8.0, 0.306640625), (16.0, 0.306640625), (24.0, 0.3046875), (32.0, 0.302734375), (40.0, 0.3046875), (48.0, 0.302734375), (56.0, 0.30078125), (64.0, 0.302734375), (72.0, 0.302734375), (80.0, 0.302734375), (88.0, 0.302734375), (96.0, 0.306640625), (104.0, 0.302734375), (112.0, 0.306640625), (120.0, 0.302734375), (128.0, 0.3046875), (136.0, 0.296875), (144.0, 0.2890625), (152.0, 0.279296875), (160.0, 0.2734375), (168.0, 0.265625), (176.0, 0.255859375), (184.0, 0.2421875), (192.0, 0.228515625), (200.0, 0.2109375), (208.0, 0.1953125), (216.0, 0.177734375), (224.0, 0.154296875), (232.0, 0.126953125), (240.0, 0.08203125), (248.0, 0.0234375), (256.0, 0.0)]
ROI: 23 - 148


30kV_14mm_3_u
[(0.0, 0.35546875), (8.0, 0.35546875), (16.0, 0.349609375), (24.0, 0.349609375), (32.0, 0.3515625), (40.0, 0.3515625), (48.0, 0.349609375), (56.0, 0.34765625), (64.0, 0.34375), (72.0, 0.345703125), (80.0, 0.345703125), (88.0, 0.34765625), (96.0, 0.34765625), (104.0, 0.34765625), (112.0, 0.34375), (120.0, 0.337890625), (128.0, 0.33203125), (136.0, 0.322265625), (144.0, 0.3125), (152.0, 0.302734375), (160.0, 0.29296875), (168.0, 0.28125), (176.0, 0.26953125), (184.0, 0.259765625), (192.0, 0.236328125), (200.0, 0.21875), (208.0, 0.20703125), (216.0, 0.1796875), (224.0, 0.1484375), (232.0, 0.111328125), (240.0, 0.05859375), (248.0, 0.025390625), (256.0, 0.0)]
ROI: 19 - 112


30kV_16mm_3_u
[(0.0, 0.40234375), (8.0, 0.3984375), (16.0, 0.40234375), (24.0, 0.396484375), (32.0, 0.390625), (40.0, 0.392578125), (48.0, 0.390625), (56.0, 0.390625), (64.0, 0.38671875), (72.0, 0.380859375), (80.0, 0.380859375), (88.0, 0.37890625), (96.0, 0.375), (104.0, 0.375), (112.0, 0.3671875), (120.0, 0.361328125), (128.0, 0.349609375), (136.0, 0.33984375), (144.0, 0.333984375), (152.0, 0.3203125), (160.0, 0.30859375), (168.0, 0.302734375), (176.0, 0.287109375), (184.0, 0.2734375), (192.0, 0.25390625), (200.0, 0.236328125), (208.0, 0.21875), (216.0, 0.1796875), (224.0, 0.15234375), (232.0, 0.123046875), (240.0, 0.06640625), (248.0, 0.025390625), (256.0, 0.0)]
ROI: 13 - 84


30kV_18mm_3_u
[(0.0, 0.42578125), (8.0, 0.41796875), (16.0, 0.419921875), (24.0, 0.4140625), (32.0, 0.416015625), (40.0, 0.416015625), (48.0, 0.412109375), (56.0, 0.41015625), (64.0, 0.412109375), (72.0, 0.40625), (80.0, 0.400390625), (88.0, 0.400390625), (96.0, 0.39453125), (104.0, 0.38671875), (112.0, 0.375), (120.0, 0.375), (128.0, 0.359375), (136.0, 0.35546875), (144.0, 0.341796875), (152.0, 0.330078125), (160.0, 0.31640625), (168.0, 0.306640625), (176.0, 0.291015625), (184.0, 0.265625), (192.0, 0.248046875), (200.0, 0.23828125), (208.0, 0.201171875), (216.0, 0.17578125), (224.0, 0.140625), (232.0, 0.09375), (240.0, 0.0703125), (248.0, 0.0390625), (256.0, 0.0)]
ROI: 11 - 65


30kV_20mm_3_u
[(0.0, 0.439453125), (8.0, 0.435546875), (16.0, 0.435546875), (24.0, 0.43359375), (32.0, 0.427734375), (40.0, 0.4296875), (48.0, 0.423828125), (56.0, 0.42578125), (64.0, 0.423828125), (72.0, 0.41796875), (80.0, 0.416015625), (88.0, 0.4140625), (96.0, 0.41015625), (104.0, 0.404296875), (112.0, 0.392578125), (120.0, 0.390625), (128.0, 0.375), (136.0, 0.36328125), (144.0, 0.349609375), (152.0, 0.341796875), (160.0, 0.32421875), (168.0, 0.31640625), (176.0, 0.296875), (184.0, 0.275390625), (192.0, 0.25390625), (200.0, 0.23046875), (208.0, 0.2109375), (216.0, 0.18359375), (224.0, 0.126953125), (232.0, 0.099609375), (240.0, 0.068359375), (248.0, 0.03125), (256.0, 0.0)]
ROI: 9 - 60

